# Data after Savitzky-Golay filtering
-5.261630 -202.322376
-5.257530 -205.365584
-5.253530 -206.605679
-5.249430 -190.558015
-5.245330 -150.950128
-5.241330 -100.606706
-5.237230 -65.455860
-5.233130 -66.829384
-5.229130 -104.715989
-5.225030 -154.269181
-5.220930 -179.936048
-5.216830 -159.329619
-5.212830 -99.764139
-5.208730 -33.668185
-5.204630 4.609630
-5.200630 2.456007
-5.196530 -24.907017
-5.192430 -48.325467
-5.188430 -45.288799
-5.184330 -11.506519
-5.180230 41.583407
-5.176130 96.741924
-5.172130 139.395656
-5.168030 162.068779
-5.163930 166.963886
-5.159930 166.005068
-5.155830 174.054172
-5.151730 196.528702
-5.147730 222.753174
-5.143630 234.884453
-5.139530 225.432322
-5.135530 204.110028
-5.131430 186.524634
-5.127330 181.675519
-5.123230 198.626649
-5.119230 264.016506
-5.115130 416.478841
-5.111030 663.632444
-5.107030 939.570081
-5.102930 1120.558385
-5.098830 1105.648793
-5.094830 895.834194
-5.090730 596.665762
-5.086630 341.416972
-5.082630 206.162870
-5.078530 185.187574
-5.074430 227.961507
-5.070330 287.517858
-5.066330 340.896044
-5.062230 384.419891
-5.058130 425.465939
-5.054130 477.847763
-5.050030 552.867914
-5.045930 645.629404
-5.041930 730.999949
-5.037830 779.006341
-5.033730 777.464866
-5.029730 738.937996
-5.025630 685.361727
-5.021530 628.004424
-5.017430 563.967655
-5.013430 490.544452
-5.009330 419.587416
-5.005230 375.815875
-5.001230 380.844325
-4.997130 438.336530
-4.993030 532.519832
-4.989030 638.451409
-4.984930 733.504051
-4.980830 802.926046
-4.976830 840.455610
-4.972730 847.118304
-4.968630 828.199402
-4.964530 788.601964
-4.960530 731.203877
-4.956430 662.096869
-4.952330 597.443396
-4.948330 560.726343
-4.944230 567.811149
-4.940130 613.095464
-4.936130 673.031400
-4.932030 726.319212
-4.927930 770.746202
-4.923830 818.386238
-4.919830 874.180373
-4.915730 922.285846
-4.911630 937.133577
-4.907630 909.171041
-4.903530 858.831878
-4.899430 824.481739
-4.895430 836.650026
-4.891330 902.690374
-4.887230 1012.408422
-4.883230 1153.541616
-4.879130 1319.657258
-4.875030 1505.591279
-4.870930 1699.813564
-4.866930 1883.503812
-4.862830 2036.595628
-4.858730 2147.210062
-4.854730 2226.432639
-4.850630 2329.805143
-4.846530 2569.333521
-4.842530 3084.597640
-4.838430 3962.427228
-4.834330 5149.235080
-4.830330 6432.293172
-4.826230 7524.594609
-4.822130 8200.023541
-4.818030 8381.937048
-4.814030 8137.269504
-4.809930 7613.064734
-4.805830 6980.110717
-4.801830 6403.928128
-4.797730 6017.547935
-4.793630 5880.390485
-4.789630 5948.864302
-4.785530 6095.795227
-4.781430 6179.881789
-4.777430 6122.361224
-4.773330 5940.590001
-4.769230 5722.814657
-4.765130 5572.242700
-4.761130 5562.568558
-4.757030 5722.077350
-4.752930 6031.132011
-4.748930 6418.038485
-4.744830 6768.426178
-4.740730 6976.118559
-4.736730 7027.856256
-4.732630 7062.721852
-4.728530 7341.060871
-4.724530 8113.384943
-4.720430 9452.483535
-4.716330 11148.136170
-4.712230 12742.797566
-4.708230 13715.955710
-4.704130 13732.259293
-4.700030 12810.143433
-4.696030 11303.300123
-4.691930 9711.238843
-4.687830 8451.629856
-4.683830 7733.969935
-4.679730 7571.515068
-4.675630 7859.220766
-4.671630 8427.394372
-4.667530 9056.784073
-4.663430 9526.236356
-4.659330 9758.381745
-4.655330 10001.355281
-4.651230 10838.765268
-4.647130 12852.496873
-4.643130 16057.973727
-4.639030 19565.324167
-4.634930 21892.636385
-4.630930 21850.474829
-4.626830 19354.658787
-4.622730 15500.662138
-4.618730 11837.353334
-4.614630 9441.870873
-4.610530 8498.478769
-4.606430 8592.818538
-4.602430 9359.732938
-4.598330 10928.734052
-4.594230 13833.213420
-4.590230 18449.331636
-4.586130 24375.238023
-4.582030 30275.026924
-4.578030 34457.577051
-4.573930 35900.361665
-4.569830 34963.416061
-4.565830 33151.010644
-4.561730 32003.181732
-4.557630 31949.371157
-4.553530 32031.303056
-4.549530 30696.852356
-4.545430 27004.757841
-4.541330 21310.372669
-4.537330 14998.197452
-4.533230 9588.507358
-4.529130 5932.387184
-4.525130 4005.601445
-4.521030 3301.753576
-4.516930 3430.591540
-4.512830 4456.188310
-4.508830 6724.726631
-4.504730 10297.712034
-4.500630 14441.058773
-4.496630 17675.273543
-4.492530 18511.640887
-4.488430 16399.607770
-4.484430 12134.699862
-4.480330 7367.862934
-4.476230 3603.595573
-4.472230 1463.609092
-4.468130 673.923688
-4.464030 582.165970
-4.459930 672.635962
-4.455930 738.772009
-4.451830 767.091670
-4.447730 774.521643
-4.443730 748.320421
-4.439630 671.332370
-4.435530 553.843125
-4.431530 433.674196
-4.427430 355.087690
-4.423330 346.994062
-4.419330 410.879081
-4.415230 524.213236
-4.411130 661.915368
-4.407030 824.191881
-4.403030 1043.220544
-4.398930 1349.134139
-4.394830 1713.487695
-4.390830 2022.981840
-4.386730 2124.294886
-4.382630 1920.773888
-4.378630 1447.790733
-4.374530 863.821658
-4.370430 363.691818
-4.366430 81.229952
-4.362330 44.424536
-4.358230 192.204846
-4.354130 419.296202
-4.350130 617.527872
-4.346030 705.877636
-4.341930 651.319158
-4.337930 475.189946
-4.333830 238.075457
-4.329730 9.854483
-4.325730 -155.753969
-4.321630 -228.883157
-4.317530 -199.625728
-4.313530 -78.694080
-4.309430 93.609975
-4.305330 246.826438
-4.301230 305.816468
-4.297230 233.713576
-4.293130 57.681964
-4.289030 -149.126535
-4.285030 -316.614482
-4.280930 -416.047957
-4.276830 -459.649607
-4.272830 -472.964873
-4.268730 -472.314398
-4.264630 -463.911851
-4.260530 -453.828231
-4.256530 -450.651169
-4.252430 -457.731152
-4.248330 -467.114056
-4.244330 -465.493976
-4.240230 -447.959403
-4.236130 -424.983598
-4.232130 -413.665511
-4.228030 -420.681240
-4.223930 -434.539203
-4.219930 -436.509406
-4.215830 -420.331625
-4.211730 -400.835627
-4.207630 -402.117485
-4.203630 -436.112793
-4.199530 -491.384660
-4.195430 -541.375711
-4.191430 -563.275364
-4.187330 -551.067653
-4.183230 -514.462608
-4.179230 -468.673651
-4.175130 -425.479189
-4.171030 -391.273051
-4.167030 -369.976476
-4.162930 -364.995780
-4.158830 -376.738454
-4.154730 -397.955233
-4.150730 -413.315365
-4.146630 -407.260869
-4.142530 -375.849704
-4.138530 -332.169240
-4.134430 -298.959425
-4.130330 -293.452394
-4.126330 -316.325586
-4.122230 -352.387140
-4.118130 -380.949763
-4.114130 -388.266025
-4.110030 -374.950762
-4.105930 -354.417062
-4.101830 -342.775607
-4.097830 -346.724601
-4.093730 -359.100320
-4.089630 -365.780979
-4.085630 -356.275721
-4.081530 -326.846175
-4.077430 -275.073482
-4.073430 -196.384931
-4.069330 -90.873264
-4.065230 25.340018
-4.061230 118.818663
-4.057130 154.757436
-4.053030 120.595325
-4.048930 38.047113
-4.044930 -48.780035
-4.040830 -102.605599
-4.036730 -117.482167
-4.032730 -119.083416
-4.028630 -141.292869
-4.024530 -199.073330
-4.020530 -278.213143
-4.016430 -345.768485
-4.012330 -369.474048
-4.008330 -333.363298
-4.004230 -244.991141
-4.000130 -134.376276
-3.996030 -43.815020
-3.992030 -9.098597
-3.987930 -40.044535
-3.983830 -113.754837
-3.979830 -188.189505
-3.975730 -228.584105
-3.971630 -228.029494
-3.967630 -207.086651
-3.963530 -193.630732
-3.959430 -199.973064
-3.955430 -216.231646
-3.951330 -224.321337
-3.947230 -217.779674
-3.943130 -207.145312
-3.939130 -205.932922
-3.935030 -213.760129
-3.930930 -216.757156
-3.926930 -205.204723
-3.922830 -187.235864
-3.918730 -181.378237
-3.914730 -195.770327
-3.910630 -217.728236
-3.906530 -225.359155
-3.902430 -208.738710
-3.898430 -179.582326
-3.894330 -161.391173
-3.890230 -169.723087
-3.886230 -199.007901
-3.882130 -226.697517
-3.878030 -232.592571
-3.874030 -217.792931
-3.869930 -204.934950
-3.865830 -216.501498
-3.861830 -250.048934
-3.857730 -274.838969
-3.853630 -255.065819
-3.849530 -179.749622
-3.845530 -74.093821
-3.841430 14.838825
-3.837330 44.641411
-3.833330 -0.084237
-3.829230 -94.159801
-3.825130 -167.296974
-3.821130 -120.732901
-3.817030 119.495389
-3.812930 530.147402
-3.808930 962.166124
-3.804830 1209.520619
-3.800730 1144.789348
-3.796630 811.790312
-3.792630 390.802822
-3.788530 67.814813
-3.784430 -76.930761
-3.780430 -79.594614
-3.776330 -23.096694
-3.772230 33.796343
-3.768230 76.263313
-3.764130 109.792610
-3.760030 131.609195
-3.756030 125.204403
-3.751930 78.324928
-3.747830 3.533572
-3.743730 -61.683277
-3.739730 -79.678928
-3.735630 -41.953431
-3.731530 24.158139
-3.727530 78.542268
-3.723430 100.338799
-3.719330 100.338299
-3.715330 104.657041
-3.711230 127.717554
-3.707130 161.200182
-3.703130 188.289326
-3.699030 206.734996
-3.694930 235.705739
-3.690830 298.628815
-3.686830 399.096626
-3.682730 513.396547
-3.678630 605.542001
-3.674630 649.139862
-3.670530 637.494411
-3.666430 578.945975
-3.662430 488.946546
-3.658330 388.756238
-3.654230 307.764636
-3.650230 278.680799
-3.646130 321.508880
-3.642030 426.773813
-3.637930 555.226906
-3.633930 660.492582
-3.629830 720.102961
-3.625730 749.351790
-3.621730 784.971114
-3.617630 852.186794
-3.613530 944.083851
-3.609530 1031.703234
-3.605430 1097.028936
-3.601330 1161.472907
-3.597330 1283.637296
-3.593230 1520.877886
-3.589130 1877.502511
-3.585030 2279.118195
-3.581030 2599.859572
-3.576930 2729.643152
-3.572830 2633.882824
-3.568830 2363.028461
-3.564730 2011.852561
-3.560630 1667.125390
-3.556630 1381.129960
-3.552530 1176.002042
-3.548430 1058.495312
-3.544330 1027.606817
-3.540330 1074.390485
-3.536230 1181.530163
-3.532130 1326.566734
-3.528130 1487.622123
-3.524030 1648.556384
-3.519930 1799.434643
-3.515930 1930.476992
-3.511830 2026.818859
-3.507730 2077.781346
-3.503730 2102.242516
-3.499630 2166.391793
-3.495530 2362.195758
-3.491430 2744.239371
-3.487430 3266.793482
-3.483330 3776.250094
-3.479230 4077.615210
-3.475230 4036.905610
-3.471130 3652.354589
-3.467030 3049.480934
-3.463030 2409.273368
-3.458930 1881.848781
-3.454830 1538.064397
-3.450830 1374.021368
-3.446730 1344.670184
-3.442630 1394.668558
-3.438530 1474.435615
-3.434530 1548.512518
-3.430430 1603.103612
-3.426330 1648.629277
-3.422330 1709.884388
-3.418230 1805.601678
-3.414130 1930.395147
-3.410130 2054.486456
-3.406030 2147.221745
-3.401930 2212.160610
-3.397930 2304.549188
-3.393830 2504.009639
-3.389730 2847.000413
-3.385630 3266.726525
-3.381630 3599.691121
-3.377530 3672.754781
-3.373430 3413.448623
-3.369430 2897.194164
-3.365330 2293.429937
-3.361230 1757.384154
-3.357230 1355.105076
-3.353130 1069.772702
-3.349030 861.300269
-3.345030 713.954508
-3.340930 635.941395
-3.336830 629.561189
-3.332730 672.868108
-3.328730 730.367009
-3.324630 776.435811
-3.320530 807.422023
-3.316530 835.970982
-3.312430 877.502457
-3.308330 939.146086
-3.304330 1015.342195
-3.300230 1092.374728
-3.296130 1160.990077
-3.292130 1226.236401
-3.288030 1299.370210
-3.283930 1373.185526
-3.279830 1406.558913
-3.275830 1343.299795
-3.271730 1156.377406
-3.267630 877.219227
-3.263630 580.021780
-3.259530 334.307367
-3.255430 167.696862
-3.251430 65.958162
-3.247330 0.109267
-3.243230 -48.525809
-3.239130 -82.471081
-3.235130 -97.128779
-3.231030 -91.383070
-3.226930 -71.129049
-3.222930 -45.109143
-3.218830 -17.978112
-3.214730 12.697299
-3.210730 52.175605
-3.206630 100.608494
-3.202530 148.754325
-3.198530 181.171984
-3.194430 184.604674
-3.190330 156.443785
-3.186230 108.146742
-3.182230 59.411042
-3.178130 23.991755
-3.174030 -2.225745
-3.170030 -37.069712
-3.165930 -91.850738
-3.161830 -155.197044
-3.157830 -201.759483
-3.153730 -220.563988
-3.149630 -232.317311
-3.145630 -272.403758
-3.141530 -352.931819
-3.137430 -443.284518
-3.133330 -492.871616
-3.129330 -476.543818
-3.125230 -418.524773
-3.121130 -371.822566
-3.117130 -374.222141
-3.113030 -421.995788
-3.108930 -480.022181
-3.104930 -511.180567
-3.100830 -497.568507
-3.096730 -444.244302
-3.092730 -373.500830
-3.088630 -315.735703
-3.084530 -295.304025
-3.080430 -314.786280
-3.076430 -351.616793
-3.072330 -375.773158
-3.068230 -375.759206
-3.064230 -367.662550
-3.060130 -376.829674
-3.056030 -409.796807
-3.052030 -444.965414
-3.047930 -451.935783
-3.043830 -420.640494
-3.039830 -371.857047
-3.035730 -339.388394
-3.031630 -341.566001
-3.027530 -368.494474
-3.023530 -394.568533
-3.019430 -401.923967
-3.015330 -392.863180
-3.011330 -382.555201
-3.007230 -382.184135
-3.003130 -389.573311
-2.999130 -394.920883
-2.995030 -394.018257
-2.990930 -394.538933
-2.986930 -408.445509
-2.982830 -437.627521
-2.978730 -466.924226
-2.974630 -472.244055
-2.970630 -437.924339
-2.966530 -369.073211
-2.962430 -288.571236
-2.958400 -221.390025
-2.954330 -179.704942
-2.950260 -160.580472
-2.946190 -154.878851
-2.942120 -155.537345
-2.938050 -157.694268
-2.933980 -156.162408
-2.929910 -149.091140
-2.925840 -145.001457
-2.921770 -160.749330
-2.917700 -206.548981
-2.913630 -271.941936
-2.909560 -329.779429
-2.905500 -357.351661
-2.901420 -354.868900
-2.897360 -343.394629
-2.893290 -344.764003
-2.889220 -362.861264
-2.885150 -382.500396
-2.881080 -384.450220
-2.877010 -361.468685
-2.872940 -322.248639
-2.868870 -283.005214
-2.864800 -256.455424
-2.860730 -247.042388
-2.856660 -252.896290
-2.852590 -268.913804
-2.848520 -287.312177
-2.844460 -298.154656
-2.840390 -293.595391
-2.836320 -273.533472
-2.832250 -245.733845
-2.828180 -218.645365
-2.824110 -194.639540
-2.820040 -171.647495
-2.815970 -150.321895
-2.811900 -136.390712
-2.807830 -134.696248
-2.803760 -143.293164
-2.799690 -155.944494
-2.795620 -169.244000
-2.791550 -183.840124
-2.787480 -197.912451
-2.783410 -203.048079
-2.779350 -190.664460
-2.775280 -163.153006
-2.771210 -136.505839
-2.767140 -129.889908
-2.763070 -151.230948
-2.759000 -190.965304
-2.754930 -228.127059
-2.750860 -244.214272
-2.746790 -236.477622
-2.742720 -221.923523
-2.738650 -226.910247
-2.734580 -267.127543
-2.730510 -333.210240
-2.726440 -395.590115
-2.722380 -425.947045
-2.718310 -417.218382
-2.714240 -385.910733
-2.710170 -356.742331
-2.706100 -343.369691
-2.702030 -339.578037
-2.697960 -326.469332
-2.693890 -290.301626
-2.689820 -237.163405
-2.685750 -190.373352
-2.681680 -169.781107
-2.677610 -171.330193
-2.673540 -169.202043
-2.669470 -141.410283
-2.665400 -93.193258
-2.661340 -52.611328
-2.657270 -42.377722
-2.653200 -57.998491
-2.649130 -74.701623
-2.645060 -73.928605
-2.640990 -60.653778
-2.636920 -54.938245
-2.632850 -68.387812
-2.628780 -89.485117
-2.624710 -91.007504
-2.620640 -51.794971
-2.616570 26.332594
-2.612500 119.724800
-2.608430 199.242391
-2.604360 247.177389
-2.600300 261.962887
-2.596230 250.036901
-2.592160 215.098188
-2.588090 155.665314
-2.584020 72.959439
-2.579950 -19.284151
-2.575880 -94.637167
-2.571810 -127.496821
-2.567740 -111.466108
-2.563670 -66.843365
-2.559600 -28.541938
-2.555530 -22.370198
-2.551460 -48.872341
-2.547390 -88.145996
-2.543320 -120.224158
-2.539250 -141.539052
-2.535190 -163.182209
-2.531120 -195.874854
-2.527050 -238.665488
-2.522980 -280.566335
-2.518910 -308.437961
-2.514840 -311.444157
-2.510770 -283.411453
-2.506700 -229.506806
-2.502630 -172.880729
-2.498560 -147.660559
-2.494490 -176.110202
-2.490420 -249.052310
-2.486350 -330.518156
-2.482290 -383.787016
-2.478210 -394.406736
-2.474150 -371.927594
-2.470080 -335.931616
-2.466010 -303.654575
-2.461940 -286.292295
-2.457870 -287.959583
-2.453800 -303.001535
-2.449730 -317.099952
-2.445660 -317.537129
-2.441590 -306.155169
-2.437520 -301.084931
-2.433450 -321.952789
-2.429380 -370.158764
-2.425310 -422.828929
-2.421240 -447.771056
-2.417170 -427.362038
-2.413110 -370.825331
-2.409040 -305.628091
-2.404970 -257.978571
-2.400900 -239.260965
-2.396830 -244.575636
-2.392760 -257.366923
-2.388690 -255.205766
-2.384620 -219.366732
-2.380550 -148.622160
-2.376480 -66.750337
-2.372410 -11.958192
-2.368340 -12.236556
-2.364270 -66.567587
-2.360200 -148.014746
-2.356140 -224.331066
-2.352070 -276.806197
-2.348000 -303.217270
-2.343930 -308.485865
-2.339860 -297.476989
-2.335790 -277.489854
-2.331720 -262.568288
-2.327650 -267.642672
-2.323580 -294.647964
-2.319510 -327.467684
-2.315440 -345.782606
-2.311370 -344.651630
-2.307300 -336.918838
-2.303230 -334.852551
-2.299170 -332.938405
-2.295100 -312.848909
-2.291030 -265.346332
-2.286960 -204.748024
-2.282890 -160.652329
-2.278820 -155.206507
-2.274750 -186.328535
-2.270680 -229.952755
-2.266610 -258.354196
-2.262540 -259.767335
-2.258470 -243.921430
-2.254400 -229.956307
-2.250330 -229.219804
-2.246260 -239.858717
-2.242190 -256.246310
-2.238130 -279.091220
-2.234060 -312.646272
-2.229990 -353.267834
-2.225920 -385.615795
-2.221850 -393.513646
-2.217780 -374.243604
-2.213710 -340.919673
-2.209640 -311.450077
-2.205570 -296.405719
-2.201500 -296.479342
-2.197430 -307.900209
-2.193360 -326.763698
-2.189290 -347.720091
-2.185220 -361.554925
-2.181150 -358.783913
-2.177090 -339.399046
-2.173020 -319.576427
-2.168950 -325.061289
-2.164880 -371.843348
-2.160810 -449.025801
-2.156740 -521.293723
-2.152670 -552.787773
-2.148600 -533.423509
-2.144530 -484.707789
-2.140460 -441.125924
-2.136390 -425.470760
-2.132320 -437.992204
-2.128250 -461.249310
-2.124180 -469.439029
-2.120110 -436.747104
-2.116040 -349.234123
-2.111980 -219.492640
-2.107910 -89.624087
-2.103840 -10.191640
-2.099770 -5.600386
-2.095700 -54.791723
-2.091630 -106.477201
-2.087560 -117.994711
-2.083490 -86.039202
-2.079420 -45.052461
-2.075350 -36.333961
-2.071280 -73.626961
-2.067210 -131.595631
-2.063140 -164.145972
-2.059070 -137.032342
-2.055000 -50.802033
-2.050940 60.258494
-2.046870 150.005717
-2.042800 187.698281
-2.038730 173.984167
-2.034660 136.817438
-2.030590 110.680741
-2.026520 113.694913
-2.022450 139.879088
-2.018380 171.286469
-2.014310 193.360412
-2.010240 191.857055
-2.006170 140.336087
-2.002100 24.627781
-1.998030 -73.725286
-1.993970 86.753969
-1.989900 812.727380
-1.985830 2198.864555
-1.981760 3882.818007
-1.977690 5129.548050
-1.973620 5285.249866
-1.969550 4255.369679
-1.965480 2579.304721
-1.961410 1031.610074
-1.957340 110.205446
-1.953270 -172.813119
-1.949200 -116.013452
-1.945130 -18.786899
-1.941060 -7.829473
-1.936990 -59.296509
-1.932930 -103.780183
-1.928860 -99.500807
-1.924790 -46.590270
-1.920720 28.808860
-1.916650 94.295584
-1.912580 127.256402
-1.908510 124.886976
-1.904440 103.291795
-1.900370 84.437499
-1.896300 79.392623
-1.892230 81.015128
-1.888160 72.553345
-1.884090 45.550138
-1.880020 11.943560
-1.875950 -1.525948
-1.871890 25.099966
-1.867820 84.020865
-1.863750 139.287870
-1.859680 151.763799
-1.855610 110.270673
-1.851540 40.580924
-1.847470 -17.333217
-1.843400 -42.886971
-1.839330 -47.732448
-1.835260 -57.240167
-1.831190 -80.850793
-1.827120 -101.260150
-1.823050 -92.735310
-1.818980 -50.127057
-1.814910 0.242492
-1.810850 19.358700
-1.806780 -12.630282
-1.802710 -79.692519
-1.798640 -140.985370
-1.794570 -157.178999
-1.790500 -110.332404
-1.786430 -7.289490
-1.782360 128.608387
-1.778290 269.175488
-1.774220 391.899050
-1.770150 486.464270
-1.766080 554.468453
-1.762010 603.194350
-1.757940 639.274099
-1.753870 667.472062
-1.749810 693.875632
-1.745740 728.463740
-1.741670 783.006990
-1.737600 864.251606
-1.733530 966.745348
-1.729460 1072.743213
-1.725390 1164.118229
-1.721320 1240.423931
-1.717250 1326.560798
-1.713180 1458.099499
-1.709110 1653.756464
-1.705040 1901.186015
-1.700970 2171.759192
-1.696900 2449.995837
-1.692830 2747.491533
-1.688770 3089.076298
-1.684700 3489.879074
-1.680630 3949.614345
-1.676560 4467.840504
-1.672490 5060.464324
-1.668420 5760.071904
-1.664350 6604.122698
-1.660280 7631.154350
-1.656210 8904.883323
-1.652140 10571.176577
-1.648070 12918.565779
-1.644000 16363.062631
-1.639930 21263.637227
-1.635870 27569.991695
-1.631790 34494.703701
-1.627730 40520.405118
-1.623660 43911.030505
-1.619590 43523.818165
-1.615520 39417.947439
-1.611450 32833.955879
-1.607380 25553.712072
-1.603310 19079.760120
-1.599240 14139.148837
-1.595170 10708.419498
-1.591100 8377.870492
-1.587030 6724.588586
-1.582960 5486.797343
-1.578890 4545.854468
-1.574830 3838.993421
-1.570760 3303.356329
-1.566690 2871.530582
-1.562620 2489.722750
-1.558550 2131.671385
-1.554480 1800.736805
-1.550410 1520.783992
-1.546340 1316.903130
-1.542270 1193.026781
-1.538200 1121.553585
-1.534130 1055.753042
-1.530060 957.819104
-1.525990 821.010145
-1.521920 668.701699
-1.517850 532.681372
-1.513790 429.719669
-1.509720 355.055923
-1.505650 295.167760
-1.501580 244.920135
-1.497510 211.805840
-1.493440 204.655558
-1.489370 220.701246
-1.485300 245.444899
-1.481230 264.316703
-1.477160 272.263583
-1.473090 272.184065
-1.469020 267.935052
-1.464950 262.509388
-1.460880 261.458587
-1.456820 271.928775
-1.452750 293.595905
-1.448680 311.451627
-1.444610 302.073265
-1.440540 250.844823
-1.436470 164.947515
-1.432400 70.831353
-1.428330 -0.599169
-1.424260 -29.309546
-1.420190 -13.702105
-1.416120 30.229724
-1.412050 75.426066
-1.407980 93.798669
-1.403910 67.715580
-1.399840 -0.899643
-1.395780 -88.983247
-1.391710 -161.539750
-1.387640 -189.402191
-1.383570 -166.650826
-1.379500 -116.012127
-1.375430 -75.956298
-1.371360 -75.709871
-1.367290 -115.503599
-1.363220 -168.084522
-1.359150 -201.166768
-1.355080 -201.715881
-1.351010 -180.900165
-1.346940 -157.797408
-1.342870 -141.180219
-1.338800 -128.138685
-1.334740 -116.827497
-1.330670 -114.496149
-1.326600 -130.378449
-1.322530 -163.727818
-1.318460 -203.144322
-1.314390 -237.898669
-1.310320 -266.542883
-1.306250 -292.510224
-1.302180 -313.741169
-1.298110 -320.874753
-1.294040 -307.325937
-1.289970 -279.305816
-1.285900 -253.088235
-1.281830 -240.992139
-1.277760 -240.164543
-1.273690 -235.731044
-1.269630 -215.634592
-1.265560 -183.454349
-1.261490 -157.874042
-1.257420 -159.541444
-1.253350 -195.978281
-1.249280 -255.323282
-1.245210 -312.220158
-1.241140 -341.270961
-1.237070 -329.945803
-1.233000 -284.192038
-1.228930 -224.698480
-1.224860 -177.144097
-1.220790 -162.105425
-1.216720 -188.121348
-1.212650 -248.289017
-1.208590 -321.139891
-1.204520 -378.518391
-1.200450 -400.267878
-1.196380 -387.443845
-1.192310 -362.184085
-1.188240 -351.197438
-1.184170 -364.877438
-1.180100 -389.853991
-1.176030 -401.979357
-1.171960 -388.693063
-1.167890 -361.131916
-1.163820 -345.140311
-1.159750 -358.745525
-1.155680 -395.498026
-1.151610 -427.830277
-1.147550 -427.020672
-1.143480 -382.650038
-1.139410 -306.860349
-1.135340 -223.328295
-1.131270 -152.389039
-1.127200 -102.705669
-1.123130 -71.472827
-1.119060 -49.857320
-1.114990 -30.516287
-1.110920 -14.253785
-1.106850 -11.221860
-1.102780 -33.371447
-1.098710 -81.882478
-1.094640 -140.093768
-1.090570 -180.368759
-1.086510 -181.912405
-1.082440 -145.652764
-1.078370 -93.138795
-1.074300 -50.134352
-1.070230 -29.961659
-1.066160 -31.359714
-1.062090 -49.468098
-1.058020 -84.056855
-1.053950 -133.907255
-1.049880 -185.291915
-1.045810 -212.297487
-1.041740 -194.382408
-1.037670 -136.249643
-1.033600 -70.125339
-1.029530 -35.784436
-1.025470 -53.108411
-1.021400 -108.291756
-1.017330 -164.293553
-1.013260 -187.614685
-1.009190 -170.831345
-1.005120 -133.963401
-1.001050 -105.725250
-0.996980 -102.320126
-0.992910 -121.131977
-0.988840 -150.695196
-0.984770 -183.591149
-0.980700 -219.304074
-0.976630 -256.647636
-0.972570 -286.135676
-0.968490 -291.925560
-0.964430 -263.039217
-0.960360 -204.276454
-0.956290 -136.690025
-0.952220 -86.028239
-0.948150 -67.787018
-0.944080 -80.369769
-0.940010 -110.696975
-0.935940 -146.141802
-0.931870 -182.489272
-0.927800 -222.560341
-0.923730 -268.334175
-0.919660 -313.679111
-0.915590 -343.494244
-0.911530 -340.721216
-0.907460 -297.693143
-0.903390 -224.555907
-0.899320 -147.897592
-0.895250 -98.627745
-0.891180 -95.980339
-0.887110 -137.913715
-0.883040 -204.138208
-0.878970 -269.438323
-0.874900 -317.924709
-0.870830 -348.438017
-0.866760 -368.422159
-0.862690 -383.025581
-0.858620 -389.557681
-0.854550 -381.221612
-0.850480 -354.751791
-0.846420 -314.101913
-0.842350 -268.169660
-0.838280 -226.494173
-0.834210 -196.408933
-0.830140 -181.447500
-0.826070 -180.198484
-0.822000 -186.759767
-0.817930 -193.451909
-0.813860 -193.769968
-0.809790 -183.902463
-0.805720 -164.480733
-0.801650 -143.732263
-0.797580 -137.560440
-0.793510 -160.902653
-0.789450 -214.339552
-0.785380 -279.617317
-0.781310 -331.751768
-0.777240 -357.289336
-0.773170 -360.398360
-0.769100 -352.310878
-0.765030 -338.556466
-0.760960 -318.765483
-0.756890 -296.224241
-0.752820 -281.957135
-0.748750 -285.718283
-0.744680 -303.239427
-0.740610 -314.978682
-0.736540 -300.355660
-0.732470 -255.435821
-0.728400 -197.421040
-0.724340 -150.858447
-0.720270 -127.663728
-0.716200 -119.213741
-0.712130 -107.063795
-0.708060 -80.658906
-0.703990 -44.628137
-0.699920 -10.623210
-0.695850 14.994468
-0.691780 33.899837
-0.687710 48.127774
-0.683640 53.433130
-0.679570 42.788506
-0.675500 15.718980
-0.671430 -18.683116
-0.667370 -49.729234
-0.663300 -74.793291
-0.659230 -98.214021
-0.655160 -119.515286
-0.651090 -125.128498
-0.647020 -96.592184
-0.642950 -31.405640
-0.638880 42.819943
-0.634810 78.150094
-0.630740 37.630851
-0.626670 -74.857122
-0.622600 -211.617642
-0.618530 -310.483892
-0.614460 -335.470787
-0.610390 -297.964401
-0.606320 -243.383420
-0.602260 -215.388153
-0.598190 -225.727615
-0.594120 -251.622223
-0.590050 -260.530480
-0.585980 -240.616853
-0.581910 -210.605209
-0.577840 -200.777636
-0.573770 -223.973829
-0.569700 -265.271197
-0.565630 -299.334637
-0.561560 -315.194659
-0.557490 -322.059958
-0.553420 -333.021627
-0.549360 -347.945800
-0.545290 -354.720367
-0.541220 -344.894552
-0.537150 -324.287079
-0.533080 -307.070845
-0.529010 -300.859012
-0.524940 -298.899785
-0.520870 -286.956042
-0.516800 -257.807753
-0.512730 -219.780704
-0.508660 -191.767983
-0.504590 -189.237869
-0.500520 -213.127254
-0.496450 -250.395077
-0.492380 -284.539124
-0.488310 -306.183839
-0.484250 -315.500068
-0.480180 -317.517406
-0.476110 -317.846854
-0.472040 -322.688825
-0.467970 -338.640543
-0.463900 -366.902320
-0.459830 -395.782521
-0.455760 -402.726581
-0.451690 -370.093456
-0.447620 -302.696789
-0.443550 -228.818396
-0.439480 -180.319927
-0.435410 -168.696961
-0.431340 -179.303274
-0.427280 -188.633446
-0.423210 -187.343049
-0.419140 -187.340556
-0.415070 -207.851924
-0.411000 -254.919964
-0.406930 -313.172237
-0.402860 -356.492286
-0.398790 -368.156035
-0.394720 -353.854113
-0.390650 -336.758209
-0.386580 -337.704036
-0.382510 -356.148716
-0.378440 -368.903243
-0.374370 -350.044073
-0.370300 -295.867423
-0.366230 -231.657350
-0.362170 -192.800585
-0.358100 -198.086897
-0.354030 -240.542107
-0.349960 -301.059460
-0.345890 -365.413439
-0.341820 -425.409019
-0.337750 -468.280253
-0.333680 -474.213563
-0.329610 -430.539417
-0.325540 -348.691130
-0.321470 -264.722309
-0.317400 -220.556533
-0.313330 -240.625211
-0.309260 -319.813031
-0.305200 -427.156675
-0.301130 -519.590502
-0.297060 -558.390190
-0.292990 -524.140788
-0.288920 -427.155967
-0.284850 -307.650389
-0.280780 -219.754524
-0.276710 -202.712279
-0.272640 -256.967990
-0.268570 -345.422282
-0.264500 -421.102726
-0.260430 -457.838230
-0.256360 -458.311425
-0.252290 -438.356219
-0.248230 -409.119450
-0.244160 -374.177477
-0.240090 -336.968535
-0.236020 -304.253423
-0.231950 -281.812751
-0.227880 -270.018018
-0.223810 -264.637243
-0.219740 -260.479625
-0.215670 -254.741041
-0.211600 -250.069529
-0.207530 -255.631928
-0.203460 -281.516962
-0.199390 -327.375218
-0.195320 -376.301848
-0.191250 -404.007028
-0.187180 -397.801221
-0.183120 -367.437152
-0.179050 -336.988838
-0.174980 -326.264842
-0.170910 -339.136996
-0.166840 -365.866073
-0.162770 -391.944595
-0.158700 -404.443593
-0.154630 -395.831066
-0.150560 -368.786451
-0.146490 -338.439734
-0.142420 -323.837750
-0.138350 -330.153653
-0.134280 -338.146328
-0.130210 -316.466282
-0.126150 -250.652103
-0.122080 -162.170100
-0.118010 -96.748373
-0.113940 -90.351893
-0.109870 -143.057799
-0.105800 -222.611105
-0.101730 -290.861317
-0.097660 -328.030192
-0.093590 -337.382858
-0.089520 -333.259034
-0.085450 -326.841254
-0.081380 -320.268073
-0.077310 -310.139426
-0.073240 -295.156830
-0.069170 -280.924476
-0.065100 -277.021268
-0.061040 -287.717243
-0.056970 -304.815128
-0.052900 -310.998578
-0.048830 -291.958809
-0.044760 -245.903046
-0.040690 -183.391502
-0.036620 -124.584820
-0.032550 -101.480902
-0.028480 -149.937407
-0.024410 -264.181395
-0.020340 -329.362349
-0.016270 -118.900497
-0.012200 564.215239
-0.008130 1664.596832
-0.004070 2781.715600
0.000000 3366.846737
0.004070 3101.553321
0.008140 2135.940101
0.012210 968.077478
0.016280 80.710913
0.020350 -340.259970
0.024420 -405.955342
0.028490 -329.008611
0.032560 -251.863878
0.036630 -214.379043
0.040700 -210.239022
0.044770 -232.310666
0.048840 -272.418737
0.052910 -307.966047
0.056980 -309.423565
0.061040 -264.875331
0.065110 -194.821714
0.069180 -141.460248
0.073250 -141.517022
0.077320 -203.630122
0.081390 -303.754598
0.085460 -398.117626
0.089530 -445.536484
0.093600 -428.930918
0.097670 -364.806346
0.101740 -292.759556
0.105810 -249.788216
0.109880 -248.053965
0.113940 -273.060700
0.118010 -300.369027
0.122080 -313.096838
0.126150 -306.850718
0.130220 -285.224622
0.134290 -256.039065
0.138360 -230.568777
0.142430 -220.376457
