# Data after Boxcar (Cyclic) filtering
-5.261630 -210.588772
-5.257530 -197.644541
-5.253530 -184.259930
-5.249430 -171.672061
-5.245330 -158.831629
-5.241330 -147.508634
-5.237230 -137.559989
-5.233130 -127.706859
-5.229130 -117.005566
-5.225030 -106.407722
-5.220930 -95.975331
-5.216830 -85.740900
-5.212830 -74.155771
-5.208730 -62.293708
-5.204630 -48.550601
-5.200630 -33.054302
-5.196530 -15.945960
-5.192430 1.670020
-5.188430 19.747040
-5.184330 38.873903
-5.180230 58.964747
-5.176130 78.662531
-5.172130 97.993716
-5.168030 116.716884
-5.163930 135.157018
-5.159930 151.964058
-5.155830 167.705502
-5.151730 184.949695
-5.147730 204.834266
-5.143630 228.472087
-5.139530 256.613096
-5.135530 289.430564
-5.131430 326.216317
-5.127330 365.688864
-5.123230 408.816952
-5.119230 455.172609
-5.115130 497.486310
-5.111030 531.327284
-5.107030 554.346257
-5.102930 567.138583
-5.098830 569.864396
-5.094830 562.873945
-5.090730 548.773460
-5.086630 528.674831
-5.082630 503.128277
-5.078530 480.238593
-5.074430 464.444834
-5.070330 458.342247
-5.066330 460.133326
-5.062230 469.949996
-5.058130 487.765361
-5.054130 509.944139
-5.050030 533.310933
-5.045930 556.834274
-5.041930 576.862112
-5.037830 591.869438
-5.033730 599.446468
-5.029730 601.776945
-5.025630 598.968999
-5.021530 591.291413
-5.017430 582.374989
-5.013430 575.713871
-5.009330 573.097425
-5.005230 575.090647
-5.001230 581.218562
-4.997130 593.368140
-4.993030 609.134088
-4.989030 627.151169
-4.984930 646.764492
-4.980830 665.463798
-4.976830 681.651812
-4.972730 693.167561
-4.968630 699.930051
-4.964530 703.623044
-4.960530 704.146667
-4.956430 703.824066
-4.952330 704.664325
-4.948330 706.977883
-4.944230 712.008956
-4.940130 719.395402
-4.936130 731.345074
-4.932030 748.420738
-4.927930 768.878702
-4.923830 791.792672
-4.919830 817.285528
-4.915730 845.120604
-4.911630 877.397383
-4.907630 915.387258
-4.903530 961.554311
-4.899430 1016.142916
-4.895430 1079.646250
-4.891330 1155.007737
-4.887230 1245.191314
-4.883230 1351.268897
-4.879130 1477.824433
-4.875030 1629.604239
-4.870930 1811.881246
-4.866930 2028.333546
-4.862830 2283.469874
-4.858730 2582.118102
-4.854730 2924.729573
-4.850630 3309.238981
-4.846530 3731.288132
-4.842530 4177.972198
-4.838430 4630.510978
-4.834330 5070.315034
-4.830330 5481.777394
-4.826230 5849.027668
-4.822130 6155.602922
-4.818030 6391.527723
-4.814030 6551.734609
-4.809930 6636.563841
-4.805830 6654.430960
-4.801830 6621.151262
-4.797730 6551.306941
-4.793630 6457.303128
-4.789630 6353.674143
-4.785530 6255.745761
-4.781430 6174.202963
-4.777430 6116.739383
-4.773330 6088.691235
-4.769230 6093.548957
-4.765130 6134.025844
-4.761130 6216.585706
-4.757030 6349.247298
-4.752930 6534.694979
-4.748930 6774.537819
-4.744830 7068.657846
-4.740730 7415.059492
-4.736730 7807.255734
-4.732630 8235.362140
-4.728530 8681.281770
-4.724530 9119.285185
-4.720430 9520.145117
-4.716330 9859.358162
-4.712230 10118.286529
-4.708230 10287.901413
-4.704130 10365.312661
-4.700030 10356.678601
-4.696030 10273.958519
-4.691930 10140.920137
-4.687830 9996.652661
-4.683830 9891.882661
-4.679730 9874.259822
-4.675630 9973.307394
-4.671630 10199.283704
-4.667530 10550.929040
-4.663430 11019.658546
-4.659330 11590.715844
-4.655330 12239.825295
-4.651230 12916.186516
-4.647130 13543.659287
-4.643130 14052.349053
-4.639030 14408.172936
-4.634930 14614.520508
-4.630930 14705.787915
-4.626830 14727.665995
-4.622730 14733.767819
-4.618730 14776.734733
-4.614630 14924.305391
-4.610530 15264.028820
-4.606430 15877.331509
-4.602430 16809.775240
-4.598330 18056.351509
-4.594230 19552.380453
-4.590230 21196.889904
-4.586130 22866.150562
-4.582030 24445.764294
-4.578030 25836.163868
-4.573930 26938.572044
-4.569830 27648.907737
-4.565830 27871.980192
-4.561730 27550.496927
-4.557630 26688.347970
-4.553530 25351.131728
-4.549530 23653.854129
-4.545430 21723.500137
-4.541330 19677.572593
-4.537330 17623.137380
-4.533230 15667.565322
-4.529130 13919.943567
-4.525130 12471.198546
-4.521030 11377.576845
-4.516930 10642.172071
-4.512830 10212.150770
-4.508830 9994.223536
-4.504730 9874.654770
-4.500630 9757.208333
-4.496630 9577.194583
-4.492530 9285.838235
-4.488430 8846.264926
-4.484430 8235.670254
-4.480330 7453.794483
-4.476230 6532.930122
-4.472230 5537.702396
-4.468130 4555.153812
-4.464030 3654.655549
-4.459930 2867.528401
-4.455930 2205.015047
-4.451830 1670.696187
-4.447730 1263.102067
-4.443730 977.227560
-4.439630 799.770520
-4.435530 710.192173
-4.431530 680.739848
-4.427430 687.990112
-4.423330 719.629237
-4.419330 770.180971
-4.415230 834.314477
-4.411130 906.637399
-4.407030 981.668954
-4.403030 1052.081904
-4.398930 1108.050725
-4.394830 1142.012212
-4.390830 1150.244946
-4.386730 1133.849564
-4.382630 1093.640237
-4.378630 1033.075628
-4.374530 956.287451
-4.370430 866.927848
-4.366430 771.320478
-4.362330 676.872946
-4.358230 588.531938
-4.354130 509.135797
-4.350130 437.968617
-4.346030 375.604250
-4.341930 320.221349
-4.337930 270.542229
-4.333830 226.142443
-4.329730 185.979480
-4.325730 149.106654
-4.321630 115.741624
-4.317530 84.859818
-4.313530 55.491484
-4.309430 24.458887
-4.305330 -8.047737
-4.301230 -41.843056
-4.297230 -77.461719
-4.293130 -115.758473
-4.289030 -156.820087
-4.285030 -200.880668
-4.280930 -245.728253
-4.276830 -289.188134
-4.272830 -327.714684
-4.268730 -360.736934
-4.264630 -388.431536
-4.260530 -410.575583
-4.256530 -426.457483
-4.252430 -436.196307
-4.248330 -440.298578
-4.244330 -441.716324
-4.240230 -441.672332
-4.236130 -441.035103
-4.232130 -440.708080
-4.228030 -440.539396
-4.223930 -440.972373
-4.219930 -442.706049
-4.215830 -446.336488
-4.211730 -451.619191
-4.207630 -456.335912
-4.203630 -459.629328
-4.199530 -462.383388
-4.195430 -463.324321
-4.191430 -463.227051
-4.187330 -461.082757
-4.183230 -456.616886
-4.179230 -449.662277
-4.175130 -440.250919
-4.171030 -429.916845
-4.167030 -419.705638
-4.162930 -409.296420
-4.158830 -399.465967
-4.154730 -389.328642
-4.150730 -380.368957
-4.146630 -372.678669
-4.142530 -366.021495
-4.138530 -361.553333
-4.134430 -358.338340
-4.130330 -355.723868
-4.126330 -353.437846
-4.122230 -351.707833
-4.118130 -350.543347
-4.114130 -348.438296
-4.110030 -345.039148
-4.105930 -339.692657
-4.101830 -329.984479
-4.097830 -315.808310
-4.093730 -297.784534
-4.089630 -276.160997
-4.085630 -250.535726
-4.081530 -221.241453
-4.077430 -190.172729
-4.073430 -158.314264
-4.069330 -128.115686
-4.065230 -102.604443
-4.061230 -83.619503
-4.057130 -71.354529
-4.053030 -65.441346
-4.048930 -66.619332
-4.044930 -75.327479
-4.040830 -89.511210
-4.036730 -107.979249
-4.032730 -128.269198
-4.028630 -147.768973
-4.024530 -164.587219
-4.020530 -177.167228
-4.016430 -186.455709
-4.012330 -191.193253
-4.008330 -191.288387
-4.004230 -188.456661
-4.000130 -184.076261
-3.996030 -178.931052
-3.992030 -174.578889
-3.987930 -170.971302
-3.983830 -169.751878
-3.979830 -170.126925
-3.975730 -173.491567
-3.971630 -178.993308
-3.967630 -185.301321
-3.963530 -190.517872
-3.959430 -195.321234
-3.955430 -199.055193
-3.951330 -202.650118
-3.947230 -205.709923
-3.943130 -207.810985
-3.939130 -207.873930
-3.935030 -206.434799
-3.930930 -204.451039
-3.926930 -203.964645
-3.922830 -203.486096
-3.918730 -202.947229
-3.914730 -201.966607
-3.910630 -200.347236
-3.906530 -199.444573
-3.902430 -199.745975
-3.898430 -201.410056
-3.894330 -203.771058
-3.890230 -204.753192
-3.886230 -204.567099
-3.882130 -203.763663
-3.878030 -202.715137
-3.874030 -200.902387
-3.869930 -196.462942
-3.865830 -189.151005
-3.861830 -178.461513
-3.857730 -163.720794
-3.853630 -142.886073
-3.849530 -116.224439
-3.845530 -82.754815
-3.841430 -41.563683
-3.837330 6.638124
-3.833330 60.165366
-3.829230 118.763432
-3.825130 181.705151
-3.821130 246.765071
-3.817030 303.288538
-3.812930 348.018336
-3.808930 379.269614
-3.804830 396.224902
-3.800730 399.591760
-3.796630 389.581878
-3.792630 365.966766
-3.788530 329.606596
-3.784430 281.430958
-3.780430 233.184281
-3.776330 189.113519
-3.772230 150.999138
-3.768230 119.036293
-3.764130 91.330141
-3.760030 69.008602
-3.756030 53.137404
-3.751930 43.703871
-3.747830 42.150138
-3.743730 43.894341
-3.739730 47.820312
-3.735630 53.388853
-3.731530 61.108766
-3.727530 74.199143
-3.723430 92.049572
-3.719330 114.274041
-3.715330 139.948186
-3.711230 168.120201
-3.707130 199.480744
-3.703130 233.752092
-3.699030 270.153448
-3.694930 307.267165
-3.690830 341.677072
-3.686830 372.689637
-3.682730 399.348806
-3.678630 422.355507
-3.674630 441.374071
-3.670530 455.663165
-3.666430 466.379583
-3.662430 475.087826
-3.658330 484.297555
-3.654230 497.182009
-3.650230 515.217175
-3.646130 539.326455
-3.642030 569.872139
-3.637930 607.830919
-3.633930 656.118030
-3.629830 715.146639
-3.625730 785.685746
-3.621730 867.325945
-3.617630 958.824455
-3.613530 1059.246663
-3.609530 1168.588511
-3.605430 1285.214722
-3.601330 1406.764650
-3.597330 1526.230235
-3.593230 1637.122546
-3.589130 1732.412579
-3.585030 1806.647490
-3.581030 1856.858626
-3.576930 1881.421239
-3.572830 1879.343875
-3.568830 1852.383745
-3.564730 1803.646818
-3.560630 1740.913015
-3.556630 1672.968900
-3.552530 1609.648093
-3.548430 1558.421281
-3.544330 1524.002401
-3.540330 1510.539010
-3.536230 1520.449311
-3.532130 1555.320905
-3.528130 1616.022351
-3.524030 1701.139358
-3.519930 1807.699141
-3.515930 1929.736708
-3.511830 2063.180947
-3.507730 2204.604793
-3.503730 2348.498672
-3.499630 2488.785438
-3.495530 2616.732743
-3.491430 2722.486735
-3.487430 2797.502661
-3.483330 2835.219218
-3.479230 2834.902497
-3.475230 2796.615734
-3.471130 2721.806063
-3.467030 2614.861948
-3.463030 2483.692414
-3.458930 2339.140892
-3.454830 2194.036776
-3.450830 2059.623265
-3.446730 1946.003759
-3.442630 1857.778422
-3.438530 1797.635048
-3.434530 1767.882318
-3.430430 1769.873690
-3.426330 1801.779986
-3.422330 1860.805665
-3.418230 1940.967709
-3.414130 2036.127366
-3.410130 2139.763045
-3.406030 2247.521125
-3.401930 2354.446241
-3.397930 2452.837981
-3.393830 2532.818180
-3.389730 2584.935672
-3.385630 2601.056123
-3.381630 2578.299144
-3.377530 2517.269909
-3.373430 2420.137679
-3.369430 2288.572543
-3.365330 2127.254114
-3.361230 1944.683675
-3.357230 1752.589108
-3.353130 1564.252096
-3.349030 1390.818597
-3.345030 1239.622276
-3.340930 1113.847867
-3.336830 1014.492927
-3.332730 944.087336
-3.328730 902.305111
-3.324630 886.418933
-3.320530 892.201487
-3.316530 913.390770
-3.312430 943.919931
-3.308330 977.409561
-3.304330 1009.445069
-3.300230 1038.083903
-3.296130 1057.685224
-3.292130 1064.157888
-3.288030 1054.243965
-3.283930 1025.122825
-3.279830 976.009785
-3.275830 908.912764
-3.271730 827.553753
-3.267630 735.361197
-3.263630 633.696518
-3.259530 528.406932
-3.255430 424.498764
-3.251430 327.090391
-3.247330 240.978883
-3.243230 169.672867
-3.239130 113.134219
-3.235130 71.144542
-3.231030 42.596347
-3.226930 27.303132
-3.222930 22.479211
-3.218830 25.808075
-3.214730 34.411805
-3.210730 44.989323
-3.206630 54.171062
-3.202530 61.009368
-3.198530 63.315302
-3.194430 60.902478
-3.190330 53.387436
-3.186230 40.647440
-3.182230 21.384243
-3.178130 -4.154231
-3.174030 -34.864258
-3.170030 -68.084755
-3.165930 -103.248459
-3.161830 -138.928572
-3.157830 -175.369030
-3.153730 -212.523775
-3.149630 -249.768026
-3.145630 -283.495778
-3.141530 -313.137222
-3.137430 -338.159332
-3.133330 -360.427988
-3.129330 -379.592473
-3.125230 -395.463262
-3.121130 -407.019171
-3.117130 -413.681797
-3.113030 -415.400549
-3.108930 -414.932181
-3.104930 -411.832455
-3.100830 -407.691440
-3.096730 -402.208656
-3.092730 -396.630206
-3.088630 -390.992373
-3.084530 -385.488794
-3.080430 -381.295107
-3.076430 -378.784370
-3.072330 -377.510809
-3.068230 -378.949088
-3.064230 -381.294748
-3.060130 -383.771698
-3.056030 -384.860927
-3.052030 -385.179815
-3.047930 -386.501196
-3.043830 -387.852561
-3.039830 -388.742551
-3.035730 -389.175955
-3.031630 -388.110055
-3.027530 -386.718638
-3.023530 -386.026903
-3.019430 -387.272366
-3.015330 -390.049391
-3.011330 -392.301246
-3.007230 -393.897957
-3.003130 -395.449115
-2.999130 -396.164815
-2.995030 -396.378678
-2.990930 -395.176738
-2.986930 -391.064880
-2.982830 -382.888921
-2.978730 -371.065581
-2.974630 -356.217969
-2.970630 -338.843134
-2.966530 -319.251076
-2.962430 -298.506597
-2.958400 -276.799847
-2.954330 -255.666784
-2.950260 -237.376792
-2.946190 -223.309156
-2.942120 -212.554962
-2.938050 -206.157377
-2.933980 -205.394842
-2.929910 -209.309687
-2.925840 -217.490487
-2.921770 -229.595800
-2.917700 -244.299986
-2.913630 -259.387144
-2.909560 -273.711321
-2.905500 -288.740501
-2.901420 -302.869469
-2.897360 -313.207430
-2.893290 -320.409745
-2.889220 -324.474563
-2.885150 -325.298235
-2.881080 -323.248157
-2.877010 -319.586429
-2.872940 -315.046290
-2.868870 -308.105956
-2.864800 -299.691942
-2.860730 -291.854894
-2.856660 -283.767685
-2.852590 -275.231699
-2.848520 -266.378098
-2.844460 -257.464782
-2.840390 -248.292347
-2.836320 -238.057181
-2.832250 -227.848623
-2.828180 -218.010230
-2.824110 -207.866176
-2.820040 -198.691064
-2.815970 -190.523195
-2.811900 -183.906535
-2.807830 -178.209138
-2.803760 -173.670066
-2.799690 -171.405481
-2.795620 -170.628207
-2.791550 -170.484636
-2.787480 -171.569984
-2.783410 -172.946660
-2.779350 -175.384032
-2.775280 -178.728053
-2.771210 -184.331995
-2.767140 -191.199217
-2.763070 -198.969263
-2.759000 -208.324219
-2.754930 -219.454159
-2.750860 -231.989406
-2.746790 -246.895141
-2.742720 -262.768965
-2.738650 -278.677754
-2.734580 -292.750279
-2.730510 -305.187107
-2.726440 -315.068340
-2.722380 -322.001578
-2.718310 -325.979288
-2.714240 -326.538468
-2.710170 -321.726776
-2.706100 -311.995226
-2.702030 -298.319702
-2.697960 -281.537674
-2.693890 -263.376012
-2.689820 -244.058325
-2.685750 -223.521541
-2.681680 -201.783254
-2.677610 -179.455243
-2.673540 -158.751529
-2.669470 -141.170324
-2.665400 -125.635490
-2.661340 -112.421248
-2.657270 -99.007298
-2.653200 -86.393290
-2.649130 -74.409603
-2.645060 -62.988060
-2.640990 -51.763673
-2.636920 -39.085253
-2.632850 -22.733584
-2.628780 -4.161519
-2.624710 16.027052
-2.620640 35.518264
-2.616570 54.114761
-2.612500 70.679181
-2.608430 84.292081
-2.604360 94.063951
-2.600300 98.883243
-2.596230 96.730593
-2.592160 88.064686
-2.588090 74.305020
-2.584020 57.063607
-2.579950 37.882005
-2.575880 17.527542
-2.571810 -3.779909
-2.567740 -25.054187
-2.563670 -46.132599
-2.559600 -65.810257
-2.555530 -84.012693
-2.551460 -101.122053
-2.547390 -117.826163
-2.543320 -135.052070
-2.539250 -152.233586
-2.535190 -168.248828
-2.531120 -183.416818
-2.527050 -197.512977
-2.522980 -210.424823
-2.518910 -221.159920
-2.514840 -231.072444
-2.510770 -239.971728
-2.506700 -247.925878
-2.502630 -255.824824
-2.498560 -263.765000
-2.494490 -271.549466
-2.490420 -278.876661
-2.486350 -285.771182
-2.482290 -293.632300
-2.478210 -300.241724
-2.474150 -306.065146
-2.470080 -310.931752
-2.466010 -314.736632
-2.461940 -318.377262
-2.457870 -321.277588
-2.453800 -324.059800
-2.449730 -327.278687
-2.445660 -330.118336
-2.441590 -333.818580
-2.437520 -337.049283
-2.433450 -339.680680
-2.429380 -340.209344
-2.425310 -337.933394
-2.421240 -333.861868
-2.417170 -326.840818
-2.413110 -316.588575
-2.409040 -302.988272
-2.404970 -286.421444
-2.400900 -268.413498
-2.396830 -248.599905
-2.392760 -229.210077
-2.388690 -211.058132
-2.384620 -195.204410
-2.380550 -183.105346
-2.376480 -174.939631
-2.372410 -171.694538
-2.368340 -172.591808
-2.364270 -177.047121
-2.360200 -186.411025
-2.356140 -198.617425
-2.352070 -213.392615
-2.348000 -228.477561
-2.343930 -243.153486
-2.339860 -257.345421
-2.335790 -270.201130
-2.331720 -281.567549
-2.327650 -290.678284
-2.323580 -295.713597
-2.319510 -298.822266
-2.315440 -299.468683
-2.311370 -298.252613
-2.307300 -294.879996
-2.303230 -289.091159
-2.299170 -281.044892
-2.295100 -271.913089
-2.291030 -263.159551
-2.286960 -256.118558
-2.282890 -249.547802
-2.278820 -243.626708
-2.274750 -239.129074
-2.270680 -237.143145
-2.266610 -238.037034
-2.262540 -242.147051
-2.258470 -248.426594
-2.254400 -255.604128
-2.250330 -263.685838
-2.246260 -272.735698
-2.242190 -282.838578
-2.238130 -293.299606
-2.234060 -302.626494
-2.229990 -310.775364
-2.225920 -317.312621
-2.221850 -322.394693
-2.217780 -327.017723
-2.213710 -330.106801
-2.209640 -332.093490
-2.205570 -333.457281
-2.201500 -334.851262
-2.197430 -337.820796
-2.193360 -341.949781
-2.189290 -347.072634
-2.185220 -353.827888
-2.181150 -361.763114
-2.177090 -372.229849
-2.173020 -384.240000
-2.168950 -396.983635
-2.164880 -409.525199
-2.160810 -420.204486
-2.156740 -428.658251
-2.152670 -434.876034
-2.148600 -437.424788
-2.144530 -435.436291
-2.140460 -427.344592
-2.136390 -413.981775
-2.132320 -395.491694
-2.128250 -371.644166
-2.124180 -343.007588
-2.120110 -311.525096
-2.116040 -278.097190
-2.111980 -244.782489
-2.107910 -213.153350
-2.103840 -184.475397
-2.099770 -158.322902
-2.095700 -134.612167
-2.091630 -114.959362
-2.087560 -100.190608
-2.083490 -88.009057
-2.079420 -77.760589
-2.075350 -67.256748
-2.071280 -55.270726
-2.067210 -40.974362
-2.063140 -25.136429
-2.059070 -8.362383
-2.055000 9.674571
-2.050940 29.272528
-2.046870 49.241304
-2.042800 69.777365
-2.038730 89.979742
-2.034660 109.791649
-2.030590 129.747041
-2.026520 161.629110
-2.022450 216.979112
-2.018380 300.725626
-2.014310 414.048296
-2.010240 557.373012
-2.006170 729.640003
-2.002100 929.611096
-1.998030 1154.722679
-1.993970 1400.748947
-1.989900 1634.184381
-1.985830 1819.722959
-1.981760 1945.094496
-1.977690 2007.045834
-1.973620 2004.014515
-1.969550 1937.193038
-1.965480 1807.876192
-1.961410 1619.583433
-1.957340 1377.371821
-1.953270 1114.674386
-1.949200 868.193701
-1.945130 649.966458
-1.941060 464.002562
-1.936990 312.813362
-1.932930 196.002578
-1.928860 113.144655
-1.924790 62.688905
-1.920720 42.253977
-1.916650 40.475904
-1.912580 44.670413
-1.908510 51.061463
-1.904440 57.501246
-1.900370 62.102945
-1.896300 64.711381
-1.892230 65.845769
-1.888160 65.498661
-1.884090 64.791739
-1.880020 64.151089
-1.875950 62.639236
-1.871890 58.877210
-1.867820 52.737359
-1.863750 45.542166
-1.859680 38.046309
-1.855610 30.079463
-1.851540 21.537585
-1.847470 11.439132
-1.843400 -0.641920
-1.839330 -12.743719
-1.835260 -23.625587
-1.831190 -31.709637
-1.827120 -37.244957
-1.823050 -41.115775
-1.818980 -43.110447
-1.814910 -41.706959
-1.810850 -34.625787
-1.806780 -21.006766
-1.802710 -0.805135
-1.798640 26.829697
-1.794570 61.448096
-1.790500 102.630879
-1.786430 150.900857
-1.782360 206.066027
-1.778290 266.860916
-1.774220 330.543376
-1.770150 396.771532
-1.766080 464.204878
-1.762010 531.651446
-1.757940 598.555420
-1.753870 666.165433
-1.749810 735.888262
-1.745740 808.812344
-1.741670 886.150569
-1.737600 970.873341
-1.733530 1064.398487
-1.729460 1169.753410
-1.725390 1290.875239
-1.721320 1431.330093
-1.717250 1593.246424
-1.713180 1778.723830
-1.709110 1992.121890
-1.705040 2238.529368
-1.700970 2523.765062
-1.696900 2856.563250
-1.692830 3246.983357
-1.688770 3708.023380
-1.684700 4260.489477
-1.680630 4933.557791
-1.676560 5765.133580
-1.672490 6795.361001
-1.668420 8060.879259
-1.664350 9583.134019
-1.660280 11363.874019
-1.656210 13384.465446
-1.652140 15603.545610
-1.648070 17951.016022
-1.644000 20326.285953
-1.639930 22595.562510
-1.635870 24604.927833
-1.631790 26203.809040
-1.627730 27274.536022
-1.623660 27741.329081
-1.619590 27571.206914
-1.615520 26770.824774
-1.611450 25386.955254
-1.607380 23506.574883
-1.603310 21256.475569
-1.599240 18792.419931
-1.595170 16272.798697
-1.591100 13829.455911
-1.587030 11560.112108
-1.582960 9528.968881
-1.578890 7772.062097
-1.574830 6301.790486
-1.570760 5108.613270
-1.566690 4166.066027
-1.562620 3432.134372
-1.558550 2860.280396
-1.554480 2411.115174
-1.550410 2052.957491
-1.546340 1761.674143
-1.542270 1520.789150
-1.538200 1318.314772
-1.534130 1146.668850
-1.530060 998.764901
-1.525990 871.036248
-1.521920 759.859506
-1.517850 661.736403
-1.513790 575.740848
-1.509720 502.469301
-1.505650 441.132531
-1.501580 390.883251
-1.497510 350.776595
-1.493440 320.423675
-1.489370 297.024627
-1.485300 280.950778
-1.481230 271.316202
-1.477160 265.616849
-1.473090 261.435832
-1.469020 257.721063
-1.464950 253.634940
-1.460880 247.594811
-1.456820 238.456154
-1.452750 227.052072
-1.448680 211.920547
-1.444610 193.650158
-1.440540 173.503175
-1.436470 151.987009
-1.432400 129.471744
-1.428330 106.301652
-1.424260 83.377659
-1.420190 61.208427
-1.416120 39.982495
-1.412050 19.918134
-1.407980 0.321524
-1.403910 -18.682068
-1.399840 -36.488371
-1.395780 -53.073384
-1.391710 -68.510454
-1.387640 -82.912994
-1.383570 -96.378918
-1.379500 -109.044828
-1.375430 -120.003141
-1.371360 -128.175198
-1.367290 -134.471806
-1.363220 -139.503963
-1.359150 -144.073866
-1.355080 -148.301868
-1.351010 -151.784935
-1.346940 -154.933245
-1.342870 -158.267996
-1.338800 -162.903319
-1.334740 -169.802891
-1.330670 -178.106385
-1.326600 -187.889931
-1.322530 -198.207918
-1.318460 -208.858605
-1.314390 -220.372719
-1.310320 -231.180743
-1.306250 -240.306254
-1.302180 -246.946604
-1.298110 -250.854098
-1.294040 -252.746432
-1.289970 -252.634030
-1.285900 -250.859797
-1.281830 -247.749178
-1.277760 -243.225398
-1.273690 -239.055239
-1.269630 -235.926945
-1.265560 -234.534811
-1.261490 -234.568230
-1.257420 -235.507053
-1.253350 -237.121993
-1.249280 -239.678097
-1.245210 -242.792815
-1.241140 -246.747874
-1.237070 -250.930952
-1.233000 -255.922471
-1.228930 -260.770550
-1.224860 -266.885428
-1.220790 -274.708723
-1.216720 -283.800750
-1.212650 -293.415008
-1.208590 -304.060893
-1.204520 -314.700188
-1.200450 -326.025259
-1.196380 -336.592023
-1.192310 -347.463169
-1.188240 -356.393767
-1.184170 -362.453269
-1.180100 -366.543390
-1.176030 -369.179901
-1.171960 -369.183860
-1.167890 -367.574915
-1.163820 -362.199871
-1.159750 -353.350283
-1.155680 -339.625251
-1.151610 -322.401192
-1.147550 -302.643238
-1.143480 -279.539358
-1.139410 -254.083004
-1.135340 -227.702927
-1.131270 -200.413391
-1.127200 -174.517115
-1.123130 -150.940443
-1.119060 -131.203821
-1.114990 -115.385745
-1.110920 -103.829103
-1.106850 -96.866505
-1.102780 -92.475390
-1.098710 -90.345688
-1.094640 -90.187760
-1.090570 -91.255636
-1.086510 -93.169823
-1.082440 -95.868429
-1.078370 -98.573541
-1.074300 -99.921446
-1.070230 -100.774974
-1.066160 -102.794299
-1.062090 -105.661381
-1.058020 -108.888836
-1.053950 -111.891375
-1.049880 -114.695243
-1.045810 -116.258927
-1.041740 -117.526461
-1.037670 -120.104853
-1.033600 -122.796208
-1.029530 -124.801936
-1.025470 -125.904985
-1.021400 -127.046343
-1.017330 -129.353604
-1.013260 -133.040459
-1.009190 -138.682200
-1.005120 -145.563769
-1.001050 -152.426756
-0.996980 -159.314808
-0.992910 -166.300674
-0.988840 -173.745149
-0.984770 -180.779798
-0.980700 -186.246711
-0.976630 -189.082073
-0.972570 -189.338407
-0.968490 -187.865743
-0.964430 -184.926331
-0.960360 -182.077343
-0.956290 -180.042060
-0.952220 -178.524505
-0.948150 -178.206912
-0.944080 -179.854388
-0.940010 -184.062846
-0.935940 -190.456182
-0.931870 -197.659334
-0.927800 -206.096694
-0.923730 -213.723034
-0.919660 -219.136653
-0.915590 -223.204509
-0.911530 -225.978018
-0.907460 -227.356134
-0.903390 -228.615089
-0.899320 -230.335196
-0.895250 -233.622339
-0.891180 -237.919577
-0.887110 -244.137460
-0.883040 -253.026781
-0.878970 -263.451063
-0.874900 -274.178967
-0.870830 -284.803019
-0.866760 -293.164068
-0.862690 -298.253002
-0.858620 -299.636816
-0.854550 -297.709119
-0.850480 -292.031826
-0.846420 -283.212742
-0.842350 -271.475533
-0.838280 -258.458583
-0.834210 -244.367269
-0.830140 -230.945501
-0.826070 -219.813647
-0.822000 -210.726301
-0.817930 -204.077402
-0.813860 -200.950736
-0.809790 -200.695591
-0.805720 -204.235202
-0.801650 -210.819895
-0.797580 -220.565447
-0.793510 -231.832349
-0.789450 -243.337039
-0.785380 -255.922671
-0.781310 -268.419987
-0.777240 -279.750945
-0.773170 -289.019865
-0.769100 -295.339435
-0.765030 -298.292777
-0.760960 -297.858476
-0.756890 -294.969109
-0.752820 -289.404994
-0.748750 -280.132403
-0.744680 -267.360467
-0.740610 -251.313506
-0.736540 -233.821045
-0.732470 -214.769326
-0.728400 -194.265091
-0.724340 -172.194098
-0.720270 -148.858259
-0.716200 -125.404150
-0.712130 -102.823994
-0.708060 -82.263234
-0.703990 -64.266122
-0.699920 -48.002360
-0.695850 -34.658165
-0.691780 -25.245659
-0.687710 -19.774312
-0.683640 -18.013329
-0.679570 -18.727285
-0.675500 -21.166870
-0.671430 -25.022062
-0.667370 -30.381573
-0.663300 -37.347158
-0.659230 -44.411244
-0.655160 -51.215073
-0.651090 -58.136640
-0.647020 -65.525200
-0.642950 -75.096016
-0.638880 -87.817410
-0.634810 -103.100461
-0.630740 -119.093841
-0.626670 -135.139804
-0.622600 -152.040152
-0.618530 -168.951855
-0.614460 -186.095194
-0.610390 -202.436195
-0.606320 -216.483532
-0.602260 -226.811350
-0.598190 -233.583825
-0.594120 -239.305845
-0.590050 -245.103570
-0.585980 -251.011279
-0.581910 -257.626478
-0.577840 -263.221511
-0.573770 -268.743325
-0.569700 -274.767658
-0.565630 -282.132778
-0.561560 -290.367147
-0.557490 -297.682025
-0.553420 -302.899798
-0.549360 -305.647422
-0.545290 -305.519602
-0.541220 -304.489848
-0.537150 -302.076678
-0.533080 -297.571299
-0.529010 -291.140118
-0.524940 -283.768827
-0.520870 -276.819783
-0.516800 -271.240078
-0.512730 -267.202579
-0.508660 -265.808808
-0.504590 -266.042798
-0.500520 -267.973055
-0.496450 -272.713953
-0.492380 -279.789664
-0.488310 -287.942703
-0.484250 -295.890771
-0.480180 -303.039725
-0.476110 -309.754872
-0.472040 -313.854531
-0.467970 -315.580483
-0.463900 -314.433665
-0.459830 -309.528067
-0.455760 -301.135433
-0.451690 -291.488775
-0.447620 -281.484318
-0.443550 -271.728771
-0.439480 -261.386550
-0.435410 -253.200294
-0.431340 -247.299534
-0.427280 -244.989339
-0.423210 -246.982645
-0.419140 -253.469505
-0.415070 -261.769117
-0.411000 -270.862770
-0.406930 -279.864072
-0.402860 -289.601227
-0.398790 -298.622105
-0.394720 -306.093448
-0.390650 -311.368421
-0.386580 -313.723786
-0.382510 -312.881257
-0.378440 -311.006234
-0.374370 -309.780098
-0.370300 -309.925855
-0.366230 -310.889717
-0.362170 -312.061436
-0.358100 -314.762069
-0.354030 -318.768102
-0.349960 -324.540701
-0.345890 -331.831143
-0.341820 -339.328809
-0.337750 -345.951535
-0.333680 -351.537345
-0.329610 -356.383798
-0.325540 -361.523953
-0.321470 -365.999017
-0.317400 -369.687795
-0.313330 -372.585378
-0.309260 -374.856059
-0.305200 -376.330757
-0.301130 -376.577605
-0.297060 -376.102762
-0.292990 -375.256037
-0.288920 -373.445693
-0.284850 -372.006297
-0.280780 -370.984048
-0.276710 -369.317232
-0.272640 -367.281487
-0.268570 -365.807800
-0.264500 -365.392180
-0.260430 -364.434530
-0.256360 -362.016305
-0.252290 -358.894265
-0.248230 -353.014191
-0.244160 -345.088183
-0.240090 -337.165390
-0.236020 -329.282218
-0.231950 -321.260011
-0.227880 -313.435423
-0.223810 -307.222321
-0.219740 -303.483599
-0.215670 -301.730346
-0.211600 -303.677344
-0.207530 -308.288436
-0.203460 -314.167558
-0.199390 -320.835973
-0.195320 -328.028466
-0.191250 -335.367619
-0.187180 -342.504170
-0.183120 -348.538724
-0.179050 -353.849753
-0.174980 -357.129835
-0.170910 -358.825213
-0.166840 -358.690753
-0.162770 -356.405578
-0.158700 -351.690361
-0.154630 -344.940066
-0.150560 -336.063199
-0.146490 -326.079842
-0.142420 -313.548801
-0.138350 -299.794713
-0.134280 -285.417578
-0.130210 -271.739019
-0.126150 -260.598968
-0.122080 -253.061527
-0.118010 -248.044472
-0.113940 -245.881247
-0.109870 -245.769957
-0.105800 -249.451743
-0.101730 -255.565054
-0.097660 -263.718394
-0.093590 -272.855574
-0.089520 -280.676240
-0.085450 -285.671188
-0.081380 -289.336980
-0.077310 -290.634701
-0.073240 -289.834792
-0.069170 -286.105402
-0.065100 -280.148684
-0.061040 -270.501265
-0.056970 -256.871420
-0.052900 -238.914605
-0.048830 -206.438818
-0.044760 -153.941159
-0.040690 -81.900647
-0.036620 9.818358
-0.032550 121.507551
-0.028480 252.521719
-0.024410 400.042965
-0.020340 562.258838
-0.016270 733.379979
-0.012200 879.941368
-0.008130 988.114594
-0.004070 1055.427683
0.000000 1080.926949
0.004070 1063.020908
0.008140 1002.347048
0.012210 900.785367
0.016280 760.352717
0.020350 588.416688
0.024420 418.622834
0.028490 264.525861
0.032560 129.582679
0.036630 14.552180
0.040700 -79.008582
0.044770 -150.600595
0.048840 -200.987917
0.052910 -230.865252
0.056980 -243.844089
0.061040 -251.403961
0.065110 -258.201000
0.069180 -265.497554
0.073250 -272.690491
0.077320 -279.700764
0.081390 -286.923105
0.085460 -293.278063
0.089530 -299.004595
0.093600 -303.645567
0.097670 -306.358140
0.101740 -306.425030
0.105810 -303.755345
0.109880 -299.339772
0.113940 -293.553837
0.118010 -286.489827
0.122080 -278.449639
0.126150 -269.521092
0.130220 -258.764343
0.134290 -246.750805
0.138360 -234.732687
0.142430 -223.060070
