# Peak data for plotting
# Format: peak_number, begin, end, location, maximum, area, hydrogens
# Baseline: 1000
1 -5.105991323095 -5.096478870759 -5.101235096927 1120.558385381786 1.039642009939e+01 1
2 -4.887628886828 -4.470525493725 -4.679077190277 35900.361664694770 4.622513712488e+03 445
3 -4.403719363083 -4.375495997500 -4.389607680292 2124.294885643493 4.700923162340e+01 5
4 -3.808507466222 -3.798639495286 -3.803573480754 1209.520618724277 1.132046534974e+01 1
5 -3.611077117021 -3.351882212367 -3.481479664694 4077.615209515799 5.429222289044e+02 52
6 -3.305112421222 -3.269321268811 -3.287216845016 1406.558912905792 4.419233722333e+01 4
7 -1.989228475493 -1.961308539125 -1.975268507309 5285.249866258993 9.900428277549e+01 10
8 -1.732276241522 -1.531609355744 -1.631942798633 43911.030504840288 2.063504731618e+03 198
9 -0.010462076868 0.012091062538 0.000814492835 3366.846737006021 5.543019698148e+01 5
