# Data after TMS calibration (shifted 2.960430 ppm) and baseline correction (baseline=0.000000)
-5.261630 -262.000000
-5.257530 -108.630000
-5.253530 -191.160000
-5.249430 -367.770000
-5.245330 -138.490000
-5.241330 -29.566000
-5.237230 53.756900
-5.233130 -328.080000
-5.229130 186.141000
-5.225030 -157.600000
-5.220930 -340.020000
-5.216830 -293.290000
-5.212830 18.399800
-5.208730 2.159040
-5.204630 91.031600
-5.200630 -91.012000
-5.196530 79.653500
-5.192430 -174.230000
-5.188430 15.891100
-5.184330 -143.440000
-5.180230 114.142000
-5.176130 252.973000
-5.172130 -49.892000
-5.168030 157.464000
-5.163930 286.465000
-5.159930 287.717000
-5.155830 -94.057000
-5.151730 165.269000
-5.147730 378.212000
-5.143630 226.026000
-5.139530 301.979000
-5.135530 134.594000
-5.131430 107.138000
-5.127330 196.905000
-5.123230 315.400000
-5.119230 250.668000
-5.115130 527.444000
-5.111030 240.744000
-5.107030 456.068000
-5.102930 2037.740000
-5.098830 1384.950000
-5.094830 751.336000
-5.090730 187.014000
-5.086630 289.016000
-5.082630 343.687000
-5.078530 168.209000
-5.074430 150.372000
-5.070330 492.277000
-5.066330 160.772000
-5.062230 471.144000
-5.058130 377.437000
-5.054130 690.806000
-5.050030 325.302000
-5.045930 440.331000
-5.041930 987.506000
-5.037830 917.665000
-5.033730 735.761000
-5.029730 579.471000
-5.025630 629.248000
-5.021530 877.375000
-5.017430 397.900000
-5.013430 520.430000
-5.009330 520.994000
-5.005230 335.214000
-5.001230 227.759000
-4.997130 434.579000
-4.993030 631.492000
-4.989030 747.530000
-4.984930 494.419000
-4.980830 900.244000
-4.976830 953.226000
-4.972730 781.620000
-4.968630 858.187000
-4.964530 627.885000
-4.960530 893.179000
-4.956430 728.717000
-4.952330 479.733000
-4.948330 604.170000
-4.944230 444.380000
-4.940130 628.432000
-4.936130 744.794000
-4.932030 726.445000
-4.927930 953.630000
-4.923830 536.212000
-4.919830 812.101000
-4.915730 1053.320000
-4.911630 1133.820000
-4.907630 723.882000
-4.903530 1010.670000
-4.899430 636.826000
-4.895430 847.021000
-4.891330 940.993000
-4.887230 973.203000
-4.883230 1291.900000
-4.879130 1197.140000
-4.875030 1408.100000
-4.870930 1828.330000
-4.866930 1927.410000
-4.862830 1988.240000
-4.858730 2146.760000
-4.854730 2386.290000
-4.850630 2382.300000
-4.846530 2527.640000
-4.842530 3056.950000
-4.838430 3587.720000
-4.834330 4539.150000
-4.830330 6720.350000
-4.826230 8259.100000
-4.822130 8469.630000
-4.818030 7970.850000
-4.814030 8050.370000
-4.809930 8038.840000
-4.805830 6961.780000
-4.801830 6167.070000
-4.797730 5679.220000
-4.793630 5981.870000
-4.789630 5758.640000
-4.785530 6263.930000
-4.781430 6317.190000
-4.777430 6407.900000
-4.773330 5824.020000
-4.769230 5639.540000
-4.765130 5451.970000
-4.761130 5496.590000
-4.757030 5846.900000
-4.752930 6016.210000
-4.748930 6160.080000
-4.744830 6468.650000
-4.740730 8050.410000
-4.736730 7055.670000
-4.732630 6879.580000
-4.728530 7051.080000
-4.724530 7881.360000
-4.720430 8859.970000
-4.716330 11009.800000
-4.712230 12870.200000
-4.708230 14270.900000
-4.704130 14934.800000
-4.700030 12906.800000
-4.696030 10595.900000
-4.691930 9509.630000
-4.687830 8104.490000
-4.683830 7815.330000
-4.679730 7546.740000
-4.675630 7637.530000
-4.671630 8417.260000
-4.667530 9198.090000
-4.663430 9790.460000
-4.659330 10206.500000
-4.655330 10720.700000
-4.651230 10655.400000
-4.647130 11431.300000
-4.643130 12953.700000
-4.639030 18958.100000
-4.634930 25887.400000
-4.630930 25576.900000
-4.626830 19229.100000
-4.622730 13189.700000
-4.618730 9765.960000
-4.614630 9275.730000
-4.610530 8950.480000
-4.606430 9533.740000
-4.602430 9798.430000
-4.598330 11175.100000
-4.594230 13118.100000
-4.590230 16376.300000
-4.586130 22016.500000
-4.582030 31720.200000
-4.578030 37274.100000
-4.573930 39456.800000
-4.569830 35662.400000
-4.565830 29540.000000
-4.561730 28103.600000
-4.557630 31181.600000
-4.553530 34446.600000
-4.549530 33035.700000
-4.545430 29431.800000
-4.541330 21041.800000
-4.537330 12751.600000
-4.533230 7943.440000
-4.529130 5598.300000
-4.525130 4664.290000
-4.521030 3892.290000
-4.516930 4045.940000
-4.512830 4481.080000
-4.508830 5736.590000
-4.504730 8400.070000
-4.500630 12674.200000
-4.496630 18948.900000
-4.492530 23632.900000
-4.488430 18908.200000
-4.484430 9523.500000
-4.480330 4698.850000
-4.476230 2638.010000
-4.472230 1638.330000
-4.468130 1604.150000
-4.464030 709.011000
-4.459930 670.805000
-4.455930 730.546000
-4.451830 679.187000
-4.447730 916.479000
-4.443730 848.148000
-4.439630 625.080000
-4.435530 512.610000
-4.431530 464.693000
-4.427430 397.272000
-4.423330 220.944000
-4.419330 345.225000
-4.415230 548.841000
-4.411130 904.086000
-4.407030 689.747000
-4.403030 1052.620000
-4.398930 1287.980000
-4.394830 1332.960000
-4.390830 2041.720000
-4.386730 2626.550000
-4.382630 2245.240000
-4.378630 1441.480000
-4.374530 509.612000
-4.370430 231.460000
-4.366430 34.449700
-4.362330 33.413000
-4.358230 213.459000
-4.354130 300.800000
-4.350130 724.815000
-4.346030 917.015000
-4.341930 644.189000
-4.337930 535.422000
-4.333830 66.817400
-4.329730 91.933900
-4.325730 -239.070000
-4.321630 -231.400000
-4.317530 -215.540000
-4.313530 -84.117000
-4.309430 -33.316000
-4.305330 226.120000
-4.301230 459.621000
-4.297230 614.157000
-4.293130 -102.690000
-4.289030 -460.900000
-4.285030 -311.040000
-4.280930 -267.290000
-4.276830 -490.380000
-4.272830 -447.080000
-4.268730 -559.640000
-4.264630 -424.740000
-4.260530 -443.090000
-4.256530 -410.740000
-4.252430 -496.970000
-4.248330 -415.220000
-4.244330 -477.560000
-4.240230 -557.230000
-4.236130 -494.940000
-4.232130 -100.570000
-4.228030 -532.300000
-4.223930 -520.160000
-4.219930 -415.980000
-4.215830 -476.060000
-4.211730 -381.440000
-4.207630 -327.600000
-4.203630 -371.470000
-4.199530 -546.150000
-4.195430 -548.700000
-4.191430 -754.470000
-4.187330 -250.190000
-4.183230 -777.020000
-4.179230 -287.460000
-4.175130 -532.880000
-4.171030 -327.010000
-4.167030 -367.630000
-4.162930 -422.470000
-4.158830 -286.930000
-4.154730 -466.260000
-4.150730 -277.580000
-4.146630 -565.280000
-4.142530 -496.090000
-4.138530 -134.110000
-4.134430 -275.640000
-4.130330 -423.850000
-4.126330 -147.220000
-4.122230 -433.570000
-4.118130 -429.900000
-4.114130 -368.410000
-4.110030 -347.030000
-4.105930 -456.320000
-4.101830 -267.340000
-4.097830 -240.380000
-4.093730 -367.880000
-4.089630 -563.050000
-4.085630 -306.390000
-4.081530 -169.610000
-4.077430 -324.340000
-4.073430 -288.160000
-4.069330 -175.090000
-4.065230 165.372000
-4.061230 36.495000
-4.057130 276.496000
-4.053030 90.096600
-4.048930 172.106000
-4.044930 -137.650000
-4.040830 -326.050000
-4.036730 -95.631000
-4.032730 105.037000
-4.028630 -217.100000
-4.024530 -162.870000
-4.020530 -276.500000
-4.016430 -394.790000
-4.012330 -338.690000
-4.008330 -475.200000
-4.004230 -105.140000
-4.000130 -308.450000
-3.996030 64.035500
-3.992030 83.031300
-3.987930 29.964700
-3.983830 -231.780000
-3.979830 -113.500000
-3.975730 -459.980000
-3.971630 -47.421000
-3.967630 -351.760000
-3.963530 -8.508300
-3.959430 -231.410000
-3.955430 -184.870000
-3.951330 -389.700000
-3.947230 -160.780000
-3.943130 -201.710000
-3.939130 -156.430000
-3.935030 -52.487000
-3.930930 -487.310000
-3.926930 -212.850000
-3.922830 -159.830000
-3.918730 -50.631000
-3.914730 -38.417000
-3.910630 -557.960000
-3.906530 -181.040000
-3.902430 -106.280000
-3.898430 -201.650000
-3.894330 -202.970000
-3.890230 -134.610000
-3.886230 -112.000000
-3.882130 -212.230000
-3.878030 -404.800000
-3.874030 -337.460000
-3.869930 -1.798800
-3.865830 -31.463000
-3.861830 -351.300000
-3.857730 -486.870000
-3.853630 -129.070000
-3.849530 -203.550000
-3.845530 -184.330000
-3.841430 24.402000
-3.837330 347.162000
-3.833330 -65.581000
-3.829230 -203.350000
-3.825130 -122.990000
-3.821130 18.731900
-3.817030 -17.043000
-3.812930 -66.291000
-3.808930 524.178000
-3.804830 2738.370000
-3.800730 1301.200000
-3.796630 342.817000
-3.792630 44.014400
-3.788530 -34.917000
-3.784430 85.294600
-3.780430 15.860400
-3.776330 -230.330000
-3.772230 290.938000
-3.768230 -30.138000
-3.764130 150.144000
-3.760030 -4.862600
-3.756030 114.696000
-3.751930 428.730000
-3.747830 -132.860000
-3.743730 -196.930000
-3.739730 -68.600000
-3.735630 -206.380000
-3.731530 280.567000
-3.727530 -9.976200
-3.723430 189.339000
-3.719330 150.964000
-3.715330 -113.390000
-3.711230 186.521000
-3.707130 121.503000
-3.703130 409.657000
-3.699030 83.541100
-3.694930 330.305000
-3.690830 7.154860
-3.686830 532.345000
-3.682730 523.735000
-3.678630 685.442000
-3.674630 598.446000
-3.670530 689.758000
-3.666430 530.579000
-3.662430 466.835000
-3.658330 622.565000
-3.654230 -0.922400
-3.650230 454.955000
-3.646130 199.543000
-3.642030 334.838000
-3.637930 597.331000
-3.633930 810.870000
-3.629830 805.144000
-3.625730 698.798000
-3.621730 616.915000
-3.617630 809.096000
-3.613530 1097.690000
-3.609530 1007.930000
-3.605430 1148.090000
-3.601330 1259.170000
-3.597330 1158.000000
-3.593230 1497.460000
-3.589130 1491.440000
-3.585030 2438.560000
-3.581030 2738.410000
-3.576930 3021.150000
-3.572830 2650.440000
-3.568830 2219.210000
-3.564730 1902.630000
-3.560630 1728.190000
-3.556630 1415.410000
-3.552530 1123.850000
-3.548430 978.624000
-3.544330 1056.590000
-3.540330 1101.190000
-3.536230 1151.950000
-3.532130 1384.050000
-3.528130 1343.270000
-3.524030 1798.670000
-3.519930 1840.000000
-3.515930 1860.280000
-3.511830 1908.670000
-3.507730 2169.040000
-3.503730 2506.520000
-3.499630 1958.590000
-3.495530 2079.070000
-3.491430 2604.660000
-3.487430 3132.310000
-3.483330 3928.590000
-3.479230 4333.910000
-3.475230 4197.680000
-3.471130 3908.600000
-3.467030 2888.660000
-3.463030 2102.520000
-3.458930 1805.940000
-3.454830 1670.320000
-3.450830 1298.870000
-3.446730 1315.300000
-3.442630 1361.280000
-3.438530 1616.530000
-3.434530 1492.080000
-3.430430 1712.590000
-3.426330 1629.840000
-3.422330 1619.620000
-3.418230 1739.440000
-3.414130 2064.030000
-3.410130 1904.990000
-3.406030 2295.020000
-3.401930 2361.510000
-3.397930 2284.860000
-3.393830 2331.830000
-3.389730 2499.950000
-3.385630 3203.140000
-3.381630 3798.690000
-3.377530 4094.320000
-3.373430 3659.710000
-3.369430 2773.510000
-3.365330 1957.470000
-3.361230 1532.700000
-3.357230 1572.590000
-3.353130 1100.390000
-3.349030 942.898000
-3.345030 646.889000
-3.340930 499.840000
-3.336830 649.530000
-3.332730 696.946000
-3.328730 845.583000
-3.324630 816.990000
-3.320530 652.366000
-3.316530 842.597000
-3.312430 1036.330000
-3.308330 833.663000
-3.304330 962.936000
-3.300230 999.854000
-3.296130 1411.570000
-3.292130 1347.520000
-3.288030 864.949000
-3.283930 1415.440000
-3.279830 1488.930000
-3.275830 1495.220000
-3.271730 1277.300000
-3.267630 918.607000
-3.263630 287.949000
-3.259530 266.791000
-3.255430 245.045000
-3.251430 260.457000
-3.247330 -250.360000
-3.243230 56.945200
-3.239130 -55.463000
-3.235130 -78.440000
-3.231030 -205.180000
-3.226930 -22.412000
-3.222930 -24.060000
-3.218830 37.494000
-3.214730 -4.008300
-3.210730 -82.415000
-3.206630 196.255000
-3.202530 115.578000
-3.198530 263.505000
-3.194430 149.366000
-3.190330 40.978200
-3.186230 379.805000
-3.182230 -82.492000
-3.178130 -64.407000
-3.174030 -111.490000
-3.170030 218.124000
-3.165930 -89.660000
-3.161830 -103.350000
-3.157830 -474.170000
-3.153730 -212.720000
-3.149630 -117.350000
-3.145630 -250.790000
-3.141530 -200.280000
-3.137430 -427.060000
-3.133330 -823.870000
-3.129330 -490.440000
-3.125230 -374.390000
-3.121130 -135.860000
-3.117130 -369.970000
-3.113030 -475.390000
-3.108930 -645.230000
-3.104930 -378.050000
-3.100830 -573.660000
-3.096730 -300.950000
-3.092730 -671.370000
-3.088630 -161.040000
-3.084530 -195.930000
-3.080430 -175.100000
-3.076430 -556.150000
-3.072330 -521.370000
-3.068230 -176.060000
-3.064230 -514.410000
-3.060130 -222.790000
-3.056030 -308.600000
-3.052030 -622.460000
-3.047930 -435.330000
-3.043830 -536.520000
-3.039830 -386.080000
-3.035730 -20.371000
-3.031630 -451.350000
-3.027530 -521.270000
-3.023530 -264.420000
-3.019430 -477.160000
-3.015330 -443.200000
-3.011330 -288.290000
-3.007230 -346.870000
-3.003130 -415.250000
-2.999130 -434.630000
-2.995030 -494.960000
-2.990930 -236.040000
-2.986930 -429.330000
-2.982830 -416.910000
-2.978730 -478.950000
-2.974630 -502.180000
-2.970630 -508.300000
-2.966530 -347.950000
-2.962430 -264.790000
-2.958400 -212.140000
-2.954330 -103.110000
-2.950260 -141.680000
-2.946190 -371.060000
-2.942120 -63.429000
-2.938050 12.210200
-2.933980 -179.410000
-2.929910 -487.970000
-2.925840 34.903600
-2.921770 34.760500
-2.917700 -348.470000
-2.913630 -177.710000
-2.909560 -478.230000
-2.905500 -316.350000
-2.901420 -399.500000
-2.897360 -365.700000
-2.893290 -172.710000
-2.889220 -296.020000
-2.885150 -686.240000
-2.881080 -273.980000
-2.877010 -237.490000
-2.872940 -489.510000
-2.868870 -271.320000
-2.864800 -121.920000
-2.860730 -231.770000
-2.856660 -472.330000
-2.852590 -87.360000
-2.848520 -267.750000
-2.844460 -357.400000
-2.840390 -319.670000
-2.836320 -329.340000
-2.832250 -196.170000
-2.828180 -75.122000
-2.824110 -312.150000
-2.820040 -277.450000
-2.815970 -14.546000
-2.811900 -204.690000
-2.807830 4.245780
-2.803760 -279.460000
-2.799690 -93.336000
-2.795620 -278.910000
-2.791550 -113.740000
-2.787480 -21.006000
-2.783410 -382.200000
-2.779350 -328.030000
-2.775280 -4.382100
-2.771210 -118.230000
-2.767140 -144.780000
-2.763070 -178.050000
-2.759000 -58.851000
-2.754930 -412.050000
-2.750860 -172.020000
-2.746790 -212.730000
-2.742720 -405.530000
-2.738650 -100.740000
-2.734580 -41.323000
-2.730510 -476.500000
-2.726440 -471.180000
-2.722380 -522.530000
-2.718310 -243.500000
-2.714240 -502.420000
-2.710170 -266.280000
-2.706100 -385.610000
-2.702030 -224.270000
-2.697960 -468.650000
-2.693890 -252.270000
-2.689820 -292.480000
-2.685750 -305.820000
-2.681680 245.696000
-2.677610 -341.600000
-2.673540 -256.790000
-2.669470 -262.780000
-2.665400 -37.442000
-2.661340 23.045100
-2.657270 199.122000
-2.653200 -353.370000
-2.649130 -19.237000
-2.645060 -203.350000
-2.640990 147.429000
-2.636920 -138.280000
-2.632850 -49.867000
-2.628780 13.758400
-2.624710 -180.260000
-2.620640 -214.520000
-2.616570 130.654000
-2.612500 137.312000
-2.608430 246.661000
-2.604360 235.923000
-2.600300 212.902000
-2.596230 302.831000
-2.592160 195.407000
-2.588090 125.152000
-2.584020 124.612000
-2.579950 100.463000
-2.575880 -276.410000
-2.571810 -91.078000
-2.567740 -219.990000
-2.563670 -32.382000
-2.559600 125.041000
-2.555530 -140.950000
-2.551460 128.964000
-2.547390 -255.600000
-2.543320 -109.560000
-2.539250 -225.590000
-2.535190 -41.410000
-2.531120 -96.514000
-2.527050 -314.750000
-2.522980 -422.950000
-2.518910 -276.400000
-2.514840 -50.223000
-2.510770 -476.790000
-2.506700 -445.130000
-2.502630 11.188500
-2.498560 -105.760000
-2.494490 -69.467000
-2.490420 -221.450000
-2.486350 -523.290000
-2.482290 -443.510000
-2.478210 -248.690000
-2.474150 -456.960000
-2.470080 -182.760000
-2.466010 -553.270000
-2.461940 -145.130000
-2.457870 -188.500000
-2.453800 -401.240000
-2.449730 -246.280000
-2.445660 -498.710000
-2.441590 -246.600000
-2.437520 -214.040000
-2.433450 -342.520000
-2.429380 -301.830000
-2.425310 -499.010000
-2.421240 -329.090000
-2.417170 -777.640000
-2.413110 -246.180000
-2.409040 -22.057000
-2.404970 -497.530000
-2.400900 -152.470000
-2.396830 -329.610000
-2.392760 -138.330000
-2.388690 -197.730000
-2.384620 -396.640000
-2.380550 -254.650000
-2.376480 -11.319000
-2.372410 250.859000
-2.368340 -160.250000
-2.364270 -66.915000
-2.360200 -58.833000
-2.356140 -340.910000
-2.352070 -353.310000
-2.348000 -125.410000
-2.343930 -457.510000
-2.339860 -135.190000
-2.335790 -452.950000
-2.331720 -296.500000
-2.327650 -87.642000
-2.323580 -249.910000
-2.319510 -342.220000
-2.315440 -539.780000
-2.311370 -499.950000
-2.307300 119.963000
-2.303230 -418.260000
-2.299170 -486.650000
-2.295100 -382.290000
-2.291030 -160.000000
-2.286960 -281.560000
-2.282890 -30.676000
-2.278820 -198.440000
-2.274750 -193.670000
-2.270680 -88.691000
-2.266610 -470.070000
-2.262540 -287.470000
-2.258470 -203.250000
-2.254400 -94.688000
-2.250330 -269.540000
-2.246260 -260.590000
-2.242190 -396.400000
-2.238130 -179.260000
-2.234060 -177.830000
-2.229990 -421.420000
-2.225920 -419.510000
-2.221850 -552.710000
-2.217780 -160.060000
-2.213710 -459.020000
-2.209640 -268.990000
-2.205570 -206.710000
-2.201500 -461.230000
-2.197430 -194.090000
-2.193360 -334.180000
-2.189290 -376.210000
-2.185220 -342.790000
-2.181150 -324.130000
-2.177090 -533.910000
-2.173020 -169.910000
-2.168950 -355.560000
-2.164880 -255.970000
-2.160810 -452.080000
-2.156740 -557.900000
-2.152670 -633.670000
-2.148600 -700.060000
-2.144530 -283.560000
-2.140460 -373.500000
-2.136390 -428.840000
-2.132320 -513.130000
-2.128250 -548.750000
-2.124180 -231.480000
-2.120110 -502.140000
-2.116040 -509.870000
-2.111980 -414.230000
-2.107910 226.455000
-2.103840 29.836400
-2.099770 -1.089300
-2.095700 -46.487000
-2.091630 -197.990000
-2.087560 -138.880000
-2.083490 -271.770000
-2.079420 162.994000
-2.075350 100.338000
-2.071280 -210.630000
-2.067210 19.633200
-2.063140 -387.390000
-2.059070 -101.880000
-2.055000 -126.330000
-2.050940 136.077000
-2.046870 194.224000
-2.042800 206.736000
-2.038730 241.400000
-2.034660 79.588600
-2.030590 72.743200
-2.026520 7.641890
-2.022450 215.035000
-2.018380 269.959000
-2.014310 32.955100
-2.010240 454.465000
-2.006170 -140.410000
-2.002100 226.266000
-1.998030 229.468000
-1.993970 332.389000
-1.989900 527.200000
-1.985830 862.862000
-1.981760 1380.130000
-1.977690 8141.700000
-1.973620 8922.530000
-1.969550 2714.490000
-1.965480 914.896000
-1.961410 549.482000
-1.957340 25.997500
-1.953270 268.656000
-1.949200 -27.271000
-1.945130 123.570000
-1.941060 36.788400
-1.936990 -139.670000
-1.932930 -173.530000
-1.928860 -64.262000
-1.924790 -99.401000
-1.920720 22.901100
-1.916650 175.910000
-1.912580 110.320000
-1.908510 186.875000
-1.904440 90.900100
-1.900370 24.040400
-1.896300 -29.722000
-1.892230 212.014000
-1.888160 113.591000
-1.884090 34.212400
-1.880020 -61.268000
-1.875950 145.184000
-1.871890 -165.960000
-1.867820 19.702500
-1.863750 166.827000
-1.859680 393.180000
-1.855610 177.971000
-1.851540 -187.030000
-1.847470 -53.195000
-1.843400 -64.371000
-1.839330 71.893000
-1.835260 -117.230000
-1.831190 133.813000
-1.827120 -394.730000
-1.823050 89.907300
-1.818980 -259.450000
-1.814910 -37.173000
-1.810850 310.839000
-1.806780 42.433500
-1.802710 -185.400000
-1.798640 -382.480000
-1.794570 122.660000
-1.790500 -230.440000
-1.786430 -35.086000
-1.782360 50.030800
-1.778290 381.576000
-1.774220 481.713000
-1.770150 413.434000
-1.766080 482.852000
-1.762010 700.065000
-1.757940 613.302000
-1.753870 692.329000
-1.749810 638.280000
-1.745740 778.631000
-1.741670 763.632000
-1.737600 840.557000
-1.733530 908.659000
-1.729460 1154.120000
-1.725390 1131.380000
-1.721320 1356.510000
-1.717250 1396.350000
-1.713180 1241.060000
-1.709110 1521.160000
-1.705040 2019.250000
-1.700970 2412.910000
-1.696900 2321.580000
-1.692830 2712.600000
-1.688770 3076.890000
-1.684700 3385.880000
-1.680630 4088.600000
-1.676560 4643.420000
-1.672490 4877.320000
-1.668420 5700.070000
-1.664350 6729.380000
-1.660280 7830.330000
-1.656210 8868.000000
-1.652140 10778.500000
-1.648070 13068.700000
-1.644000 16102.400000
-1.639930 20320.900000
-1.635870 26014.800000
-1.631790 33075.500000
-1.627730 41422.900000
-1.623660 46700.000000
-1.619590 46330.300000
-1.615520 39870.100000
-1.611450 31679.800000
-1.607380 23853.700000
-1.603310 18120.100000
-1.599240 13831.800000
-1.595170 10814.900000
-1.591100 8958.450000
-1.587030 6724.470000
-1.582960 5331.870000
-1.578890 4570.180000
-1.574830 3975.780000
-1.570760 3299.130000
-1.566690 2892.700000
-1.562620 2425.540000
-1.558550 2324.160000
-1.554480 1767.330000
-1.550410 1454.690000
-1.546340 1339.550000
-1.542270 993.049000
-1.538200 1194.910000
-1.534130 1241.650000
-1.530060 908.849000
-1.525990 834.692000
-1.521920 648.055000
-1.517850 556.975000
-1.513790 262.173000
-1.509720 427.206000
-1.505650 424.179000
-1.501580 241.585000
-1.497510 88.154100
-1.493440 157.558000
-1.489370 320.193000
-1.485300 259.192000
-1.481230 161.337000
-1.477160 546.814000
-1.473090 -46.612000
-1.469020 313.331000
-1.464950 440.685000
-1.460880 273.460000
-1.456820 63.479300
-1.452750 264.370000
-1.448680 468.764000
-1.444610 296.916000
-1.440540 267.513000
-1.436470 188.793000
-1.432400 14.664400
-1.428330 -33.242000
-1.424260 35.657800
-1.420190 -140.360000
-1.416120 56.610500
-1.412050 123.019000
-1.407980 129.355000
-1.403910 31.601700
-1.399840 67.610700
-1.395780 -42.748000
-1.391710 -260.000000
-1.387640 -255.350000
-1.383570 -184.170000
-1.379500 -52.109000
-1.375430 -121.270000
-1.371360 29.469700
-1.367290 -23.475000
-1.363220 -251.040000
-1.359150 -364.700000
-1.355080 -148.270000
-1.351010 -159.050000
-1.346940 -50.453000
-1.342870 -115.260000
-1.338800 -346.780000
-1.334740 -74.119000
-1.330670 2.699040
-1.326600 -105.530000
-1.322530 -164.850000
-1.318460 -362.030000
-1.314390 -120.860000
-1.310320 -324.010000
-1.306250 -220.580000
-1.302180 -259.700000
-1.298110 -480.430000
-1.294040 -269.830000
-1.289970 -308.060000
-1.285900 -145.720000
-1.281830 -274.100000
-1.277760 -196.280000
-1.273690 -315.490000
-1.269630 -221.000000
-1.265560 -246.930000
-1.261490 -45.285000
-1.257420 -129.250000
-1.253350 -273.500000
-1.249280 -126.740000
-1.245210 -407.680000
-1.241140 -392.910000
-1.237070 -274.870000
-1.233000 -353.770000
-1.228930 -252.500000
-1.224860 -56.669000
-1.220790 -77.291000
-1.216720 -507.990000
-1.212650 118.521000
-1.208590 -383.580000
-1.204520 -543.600000
-1.200450 -395.370000
-1.196380 -340.010000
-1.192310 -481.790000
-1.188240 -68.199000
-1.184170 -537.080000
-1.180100 -317.610000
-1.176030 -438.000000
-1.171960 -523.740000
-1.167890 -327.820000
-1.163820 -132.790000
-1.159750 -551.070000
-1.155680 -177.940000
-1.151610 -584.610000
-1.147550 -455.880000
-1.143480 -477.060000
-1.139410 -159.750000
-1.135340 -149.790000
-1.131270 -402.920000
-1.127200 136.872000
-1.123130 -127.500000
-1.119060 -84.274000
-1.114990 -36.223000
-1.110920 -46.234000
-1.106850 34.914900
-1.102780 -50.136000
-1.098710 34.688900
-1.094640 -176.930000
-1.090570 -310.610000
-1.086510 -110.860000
-1.082440 -211.190000
-1.078370 -101.720000
-1.074300 16.552700
-1.070230 109.909000
-1.066160 -166.380000
-1.062090 -220.270000
-1.058020 107.678000
-1.053950 -0.788800
-1.049880 -275.110000
-1.045810 -347.540000
-1.041740 -237.290000
-1.037670 9.131790
-1.033600 -206.960000
-1.029530 58.617900
-1.025470 79.479900
-1.021400 -178.100000
-1.017330 -143.930000
-1.013260 -388.400000
-1.009190 -138.020000
-1.005120 -16.258000
-1.001050 -87.629000
-0.996980 -156.430000
-0.992910 -63.342000
-0.988840 -237.570000
-0.984770 -161.000000
-0.980700 -157.860000
-0.976630 -292.500000
-0.972570 -268.610000
-0.968490 -260.640000
-0.964430 -429.510000
-0.960360 -157.890000
-0.956290 -10.981000
-0.952220 -254.040000
-0.948150 127.160000
-0.944080 -95.613000
-0.940010 -250.430000
-0.935940 -106.220000
-0.931870 -126.320000
-0.927800 -240.990000
-0.923730 -249.630000
-0.919660 -403.970000
-0.915590 -161.110000
-0.911530 -448.800000
-0.907460 -484.460000
-0.903390 -46.422000
-0.899320 -148.200000
-0.895250 -171.060000
-0.891180 43.510200
-0.887110 -157.470000
-0.883040 -239.890000
-0.878970 -268.160000
-0.874900 -397.910000
-0.870830 -302.560000
-0.866760 -312.490000
-0.862690 -432.030000
-0.858620 -321.200000
-0.854550 -506.380000
-0.850480 -304.460000
-0.846420 -324.930000
-0.842350 -169.180000
-0.838280 -383.960000
-0.834210 -97.243000
-0.830140 -220.140000
-0.826070 -60.066000
-0.822000 -279.690000
-0.817930 -316.640000
-0.813860 45.042700
-0.809790 -343.430000
-0.805720 -151.110000
-0.801650 -87.586000
-0.797580 -311.600000
-0.793510 67.576400
-0.789450 -226.690000
-0.785380 -196.250000
-0.781310 -658.580000
-0.777240 -290.210000
-0.773170 -116.490000
-0.769100 -501.130000
-0.765030 -298.870000
-0.760960 -471.260000
-0.756890 -122.380000
-0.752820 -385.390000
-0.748750 -155.280000
-0.744680 -337.000000
-0.740610 -374.500000
-0.736540 -258.770000
-0.732470 -366.850000
-0.728400 -231.920000
-0.724340 76.728100
-0.720270 -143.160000
-0.716200 -232.260000
-0.712130 -141.170000
-0.708060 -31.748000
-0.703990 -47.679000
-0.699920 -16.683000
-0.695850 99.274800
-0.691780 -50.267000
-0.687710 -1.357500
-0.683640 88.164100
-0.679570 154.886000
-0.675500 -70.637000
-0.671430 37.081000
-0.667370 -145.600000
-0.663300 -113.560000
-0.659230 62.216200
-0.655160 -150.670000
-0.651090 -100.230000
-0.647020 -293.160000
-0.642950 38.211300
-0.638880 49.415700
-0.634810 37.735600
-0.630740 232.362000
-0.626670 -3.153200
-0.622600 -252.020000
-0.618530 -597.800000
-0.614460 -294.070000
-0.610390 -188.110000
-0.606320 -320.750000
-0.602260 -56.571000
-0.598190 -284.390000
-0.594120 -164.220000
-0.590050 -391.370000
-0.585980 -414.110000
-0.581910 -42.039000
-0.577840 -103.380000
-0.573770 -181.200000
-0.569700 -307.430000
-0.565630 -549.180000
-0.561560 -175.530000
-0.557490 -248.170000
-0.553420 -238.760000
-0.549360 -543.740000
-0.545290 -309.450000
-0.541220 -349.130000
-0.537150 -297.420000
-0.533080 -357.410000
-0.529010 -168.950000
-0.524940 -326.010000
-0.520870 -439.200000
-0.516800 -156.420000
-0.512730 -297.160000
-0.508660 -96.041000
-0.504590 -172.840000
-0.500520 -264.820000
-0.496450 -175.230000
-0.492380 -354.570000
-0.488310 -384.830000
-0.484250 -220.600000
-0.480180 -265.660000
-0.476110 -392.940000
-0.472040 -394.970000
-0.467970 -264.940000
-0.463900 -209.420000
-0.459830 -563.900000
-0.455760 -365.400000
-0.451690 -401.930000
-0.447620 -404.750000
-0.443550 -219.600000
-0.439480 85.625300
-0.435410 -271.440000
-0.431340 -192.300000
-0.427280 -397.530000
-0.423210 67.027500
-0.419140 -377.700000
-0.415070 -13.492000
-0.411000 -345.750000
-0.406930 -216.340000
-0.402860 -489.330000
-0.398790 -378.800000
-0.394720 -397.210000
-0.390650 -220.010000
-0.386580 -281.830000
-0.382510 -485.900000
-0.378440 -170.910000
-0.374370 -563.330000
-0.370300 -394.430000
-0.366230 -163.500000
-0.362170 25.589400
-0.358100 -233.490000
-0.354030 -280.620000
-0.349960 -551.870000
-0.345890 -82.556000
-0.341820 -402.640000
-0.337750 -530.250000
-0.333680 -551.000000
-0.329610 -515.460000
-0.325540 -284.000000
-0.321470 -228.210000
-0.317400 -175.650000
-0.313330 -298.220000
-0.309260 -130.720000
-0.305200 -545.740000
-0.301130 -582.700000
-0.297060 -504.730000
-0.292990 -589.770000
-0.288920 -518.670000
-0.284850 -263.290000
-0.280780 -122.020000
-0.276710 -273.980000
-0.272640 68.568300
-0.268570 -511.860000
-0.264500 -717.100000
-0.260430 -375.390000
-0.256360 -263.170000
-0.252290 -363.590000
-0.248230 -707.720000
-0.244160 -374.740000
-0.240090 -47.774000
-0.236020 -457.590000
-0.231950 -334.680000
-0.227880 -159.460000
-0.223810 -363.920000
-0.219740 -214.350000
-0.215670 -180.350000
-0.211600 -395.030000
-0.207530 -264.190000
-0.203460 -171.280000
-0.199390 -211.670000
-0.195320 -533.320000
-0.191250 -403.610000
-0.187180 -496.860000
-0.183120 -313.070000
-0.179050 -214.370000
-0.174980 -355.930000
-0.170910 -419.420000
-0.166840 -288.080000
-0.162770 -443.750000
-0.158700 -352.420000
-0.154630 -431.820000
-0.150560 -425.210000
-0.146490 -365.990000
-0.142420 -190.510000
-0.138350 -335.810000
-0.134280 -184.770000
-0.130210 -674.080000
-0.126150 -200.720000
-0.122080 -117.290000
-0.118010 -65.389000
-0.113940 84.950300
-0.109870 -169.480000
-0.105800 -396.700000
-0.101730 -267.970000
-0.097660 -303.880000
-0.093590 -278.650000
-0.089520 -448.240000
-0.085450 -265.330000
-0.081380 -267.780000
-0.077310 -307.690000
-0.073240 -499.270000
-0.069170 -43.999000
-0.065100 -395.490000
-0.061040 -192.170000
-0.056970 -371.080000
-0.052900 -193.740000
-0.048830 -511.140000
-0.044760 -269.030000
-0.040690 73.825800
-0.036620 -255.150000
-0.032550 -223.400000
-0.028480 38.998900
-0.024410 -46.792000
-0.020340 -344.950000
-0.016270 50.909800
-0.012200 212.079000
-0.008130 143.529000
-0.004070 1480.670000
0.000000 7992.850000
0.004070 3076.710000
0.008140 686.292000
0.012210 231.137000
0.016280 12.384000
0.020350 -184.650000
0.024420 -149.920000
0.028490 -351.380000
0.032560 -307.600000
0.036630 -151.270000
0.040700 -224.580000
0.044770 -255.680000
0.048840 -53.620000
0.052910 -459.270000
0.056980 -435.690000
0.061040 -226.620000
0.065110 -283.470000
0.069180 79.987400
0.073250 -159.900000
0.077320 -245.890000
0.081390 -266.830000
0.085460 -347.830000
0.089530 -624.820000
0.093600 -338.430000
0.097670 -575.020000
0.101740 -159.180000
0.105810 10.657200
0.109880 -401.620000
0.113940 -381.540000
0.118010 -267.410000
0.122080 -211.810000
0.126150 -426.640000
0.130220 -180.630000
0.134290 -408.200000
0.138360 -152.710000
0.142430 -182.340000
