# Cubic spline evaluated at 2000 points
-5.261630 -202.322376
-5.258927 -204.185734
-5.256223 -206.572898
-5.253520 -206.593406
-5.250816 -198.619248
-5.248113 -180.217587
-5.245410 -151.907656
-5.242706 -117.578942
-5.240003 -86.175852
-5.237300 -65.783230
-5.234596 -61.541433
-5.231893 -75.491020
-5.229189 -103.994088
-5.226486 -137.688039
-5.223783 -165.984396
-5.221079 -179.745071
-5.218376 -172.871692
-5.215673 -144.906292
-5.212969 -102.137451
-5.210266 -56.660660
-5.207562 -18.925204
-5.204859 3.557640
-5.202156 7.389147
-5.199452 -3.999618
-5.196749 -23.284545
-5.194045 -41.345270
-5.191342 -50.513922
-5.188639 -46.217608
-5.185935 -27.899853
-5.183232 1.526623
-5.180529 37.452686
-5.177825 74.626618
-5.175122 109.010133
-5.172418 136.949919
-5.169715 155.344573
-5.167012 164.580214
-5.164308 166.983185
-5.161605 166.107938
-5.158901 166.744846
-5.156198 172.720229
-5.153495 185.417177
-5.150791 202.972476
-5.148088 220.753397
-5.145385 232.296069
-5.142681 234.495017
-5.139978 227.341543
-5.137274 213.803592
-5.134571 199.159176
-5.131868 187.888293
-5.129164 181.966485
-5.126461 182.755645
-5.123758 194.362725
-5.121054 225.848563
-5.118351 288.563791
-5.115647 391.732666
-5.112944 538.273841
-5.110241 719.033881
-5.107537 907.285907
-5.104834 1056.751475
-5.102130 1134.644732
-5.099427 1121.610828
-5.096724 1013.707473
-5.094020 839.061642
-5.091317 639.409447
-5.088614 453.289961
-5.085910 307.874411
-5.083207 217.967282
-5.080503 183.415838
-5.077800 189.801044
-5.075097 218.930500
-5.072393 257.225891
-5.069690 296.682805
-5.066987 332.881995
-5.064283 363.754857
-5.061580 390.711996
-5.058876 417.455485
-5.056173 448.848972
-5.053470 488.404104
-5.050766 537.768036
-5.048063 596.150879
-5.045359 658.901188
-5.042656 717.539924
-5.039953 760.300905
-5.037249 781.723787
-5.034546 781.435916
-5.031843 762.428417
-5.029139 731.662988
-5.026436 696.305177
-5.023732 659.250163
-5.021029 620.696598
-5.018326 578.988943
-5.015622 531.571571
-5.012919 481.023690
-5.010216 433.447154
-5.007512 395.310855
-5.004809 373.887324
-5.002105 375.220247
-4.999402 400.655467
-4.996699 446.864389
-4.993995 508.088241
-4.991292 578.525557
-4.988588 649.699442
-4.985885 713.392992
-4.983182 766.630338
-4.980478 807.476597
-4.977775 834.442914
-4.975072 846.956726
-4.972368 846.372611
-4.969665 835.023475
-4.966961 814.548350
-4.964258 785.235910
-4.961555 747.301361
-4.958851 703.466789
-4.956148 657.279750
-4.953444 613.327929
-4.950741 578.462961
-4.948038 559.674392
-4.945334 561.507210
-4.942631 581.927823
-4.939928 615.976120
-4.937224 656.685783
-4.934521 695.435143
-4.931817 728.762149
-4.929114 758.179008
-4.926411 787.334637
-4.923707 819.994257
-4.921004 857.631780
-4.918301 894.554748
-4.915597 923.401651
-4.912894 937.255021
-4.910190 931.358772
-4.907487 907.587626
-4.904784 874.340154
-4.902080 842.911781
-4.899377 824.304485
-4.896673 827.205287
-4.893970 854.380467
-4.891267 904.077031
-4.888563 972.369313
-4.885860 1057.658352
-4.883157 1156.346637
-4.880453 1263.768619
-4.877750 1380.448873
-4.875046 1504.822142
-4.872343 1632.560716
-4.869640 1761.019931
-4.866936 1883.236756
-4.864233 1989.078801
-4.861530 2076.088630
-4.858826 2145.063202
-4.856123 2199.920195
-4.853419 2252.912828
-4.850716 2326.767797
-4.848013 2456.400384
-4.845309 2692.314826
-4.842606 3071.712847
-4.839902 3607.343170
-4.837199 4291.141323
-4.834496 5096.798746
-4.831792 5970.706858
-4.829089 6798.904089
-4.826386 7489.983826
-4.823682 8000.400663
-4.820979 8300.863876
-4.818275 8384.532411
-4.815572 8272.178580
-4.812869 8009.268362
-4.810165 7647.563101
-4.807462 7235.709307
-4.804758 6814.705531
-4.802055 6432.187901
-4.799352 6140.760024
-4.796648 5957.494228
-4.793945 5882.415715
-4.791242 5904.180284
-4.788538 5986.577613
-4.785835 6085.510675
-4.783131 6159.735010
-4.780428 6179.152348
-4.777725 6131.356400
-4.775021 6025.781742
-4.772318 5886.095217
-4.769615 5741.865970
-4.766911 5623.745287
-4.764208 5556.233358
-4.761504 5556.598101
-4.758801 5632.807772
-4.756098 5780.572960
-4.753394 5989.873222
-4.750691 6245.140854
-4.747987 6507.182344
-4.745284 6735.423994
-4.742581 6903.431521
-4.739877 6997.296356
-4.737174 7026.537775
-4.734471 7034.687983
-4.731767 7090.513000
-4.729064 7279.538824
-4.726360 7691.394987
-4.723657 8355.308114
-4.720954 9254.811910
-4.718250 10335.224423
-4.715547 11476.206185
-4.712844 12530.612706
-4.710140 13353.021185
-4.707437 13800.358291
-4.704733 13793.274242
-4.702030 13363.681183
-4.699327 12574.457293
-4.696623 11542.589487
-4.693920 10460.626216
-4.691216 9460.860766
-4.688513 8628.438740
-4.685810 8019.268159
-4.683106 7665.286107
-4.680403 7563.225386
-4.677700 7666.126530
-4.674996 7935.623590
-4.672293 8323.482602
-4.669589 8749.309153
-4.666886 9145.254879
-4.664183 9458.854488
-4.661479 9658.536976
-4.658776 9780.810088
-4.656073 9931.671915
-4.653369 10288.879917
-4.650666 11035.643148
-4.647962 12328.332022
-4.645259 14243.066327
-4.642556 16566.950399
-4.639852 18910.473096
-4.637149 20866.815115
-4.634445 22022.580338
-4.631742 22065.969861
-4.629039 20956.310459
-4.626335 18933.671070
-4.623632 16392.007071
-4.620929 13750.811620
-4.618225 11455.846390
-4.615522 9829.372876
-4.612818 8867.741093
-4.610115 8468.209226
-4.607412 8498.744927
-4.604708 8845.871302
-4.602005 9479.478269
-4.599301 10461.837516
-4.596598 11949.337893
-4.593895 14153.536537
-4.591191 17198.420047
-4.588488 20882.278218
-4.585785 24893.965232
-4.583081 28851.757468
-4.580378 32281.723896
-4.577674 34701.334826
-4.574971 35801.493854
-4.572268 35737.559064
-4.569564 34851.842990
-4.566861 33604.216804
-4.564158 32544.197102
-4.561454 31969.689296
-4.558751 31892.262859
-4.556047 32052.448837
-4.553344 32010.764438
-4.550641 31275.805027
-4.547937 29543.902835
-4.545234 26771.432847
-4.542530 23129.881805
-4.539827 18927.329579
-4.537124 14689.050667
-4.534420 10989.398605
-4.531717 8028.981893
-4.529014 5854.669227
-4.526310 4424.919285
-4.523607 3622.525014
-4.520903 3294.521713
-4.518200 3308.503512
-4.515497 3665.380270
-4.512793 4470.916047
-4.510090 5867.069396
-4.507387 7861.226030
-4.504683 10343.873257
-4.501980 13088.472715
-4.499276 15712.615474
-4.496573 17706.750185
-4.493870 18563.274302
-4.491166 18126.538221
-4.488463 16427.462095
-4.485759 13688.324101
-4.483056 10496.273493
-4.480353 7392.393225
-4.477649 4741.953024
-4.474946 2746.284568
-4.472243 1467.933178
-4.469539 828.027350
-4.466836 600.751472
-4.464132 580.801091
-4.461429 636.248826
-4.458726 697.642824
-4.456022 737.757985
-4.453319 759.806211
-4.450615 771.576727
-4.447912 774.765600
-4.445209 763.179062
-4.442505 730.667069
-4.439802 675.532615
-4.437099 601.848730
-4.434395 518.171088
-4.431692 437.974756
-4.428988 377.543945
-4.426285 345.143815
-4.423582 345.231214
-4.420878 379.021605
-4.418175 439.162260
-4.415472 516.695486
-4.412768 604.796625
-4.410065 700.488389
-4.407361 809.241302
-4.404658 944.984233
-4.401955 1115.541076
-4.399251 1322.326772
-4.396548 1558.579325
-4.393844 1800.152001
-4.391141 2004.543429
-4.388438 2116.162284
-4.385734 2104.234885
-4.383031 1954.841444
-4.380328 1672.139328
-4.377624 1306.068177
-4.374921 918.433517
-4.372217 561.721688
-4.369514 278.094325
-4.366811 97.419319
-4.364107 31.926872
-4.361404 65.332845
-4.358701 169.219443
-4.355997 312.689453
-4.353294 466.018146
-4.350590 599.143615
-4.347887 683.099045
-4.345184 706.417972
-4.342480 666.944272
-4.339777 567.916599
-4.337073 427.926087
-4.334370 270.050171
-4.331667 113.151646
-4.328963 -27.651320
-4.326260 -138.670363
-4.323557 -207.411126
-4.320853 -231.214037
-4.318150 -210.700098
-4.315446 -145.920602
-4.312743 -47.519903
-4.310040 67.386372
-4.307336 179.165555
-4.304633 265.260187
-4.301929 304.942684
-4.299226 285.172872
-4.296523 208.965980
-4.293819 91.509212
-4.291116 -44.573320
-4.288413 -178.535134
-4.285709 -292.723268
-4.283006 -374.536191
-4.280302 -425.629113
-4.277599 -454.440832
-4.274896 -468.541941
-4.272192 -473.575206
-4.269489 -473.170539
-4.266786 -468.979574
-4.264082 -462.484231
-4.261379 -455.615284
-4.258675 -451.136779
-4.255972 -451.066989
-4.253269 -455.693681
-4.250565 -462.553326
-4.247862 -467.674654
-4.245158 -467.133263
-4.242455 -459.105284
-4.239752 -445.240151
-4.237048 -429.682296
-4.234345 -417.822691
-4.231642 -413.587934
-4.228938 -417.906689
-4.226235 -427.077010
-4.223531 -435.482307
-4.220828 -437.674051
-4.218125 -431.138184
-4.215421 -418.157352
-4.212718 -404.513117
-4.210015 -397.648571
-4.207311 -403.655396
-4.204608 -425.187915
-4.201904 -458.260128
-4.199201 -495.944173
-4.196498 -530.312834
-4.193794 -554.308972
-4.191091 -563.539587
-4.188387 -557.117312
-4.185684 -538.538122
-4.182981 -511.747773
-4.180277 -480.764053
-4.177574 -450.329185
-4.174871 -423.017174
-4.172167 -399.685212
-4.169464 -381.249049
-4.166760 -369.096257
-4.164057 -364.577659
-4.161354 -367.775162
-4.158650 -377.554348
-4.155947 -391.455153
-4.153244 -405.226621
-4.150540 -413.605612
-4.147837 -411.788431
-4.145133 -398.424789
-4.142430 -374.829586
-4.139727 -345.159671
-4.137023 -317.493215
-4.134320 -298.407426
-4.131616 -291.770426
-4.128913 -298.926854
-4.126210 -317.302765
-4.123506 -341.061984
-4.120803 -364.083442
-4.118100 -381.091397
-4.115396 -388.406890
-4.112693 -385.472421
-4.109989 -374.754487
-4.107286 -360.929173
-4.104583 -349.027029
-4.101879 -342.820519
-4.099176 -343.939998
-4.096472 -350.542306
-4.093769 -358.986919
-4.091066 -364.914970
-4.088362 -364.742305
-4.085659 -356.411522
-4.082956 -339.382909
-4.080252 -313.453549
-4.077549 -276.970133
-4.074845 -227.379228
-4.072142 -165.488305
-4.069439 -93.904272
-4.066735 -16.936908
-4.064032 57.266675
-4.061329 117.093608
-4.058625 149.962754
-4.055922 151.465349
-4.053218 123.480796
-4.050515 73.285148
-4.047812 12.378732
-4.045108 -45.442000
-4.042405 -87.120853
-4.039701 -109.843508
-4.036998 -117.282134
-4.034295 -117.742250
-4.031591 -122.117552
-4.028888 -138.878406
-4.026185 -171.630696
-4.023481 -218.893196
-4.020778 -273.317193
-4.018074 -322.469981
-4.015371 -357.086434
-4.012668 -369.757514
-4.009964 -355.107952
-4.007261 -314.407376
-4.004558 -253.365910
-4.001854 -180.956603
-3.999151 -109.368249
-3.996447 -50.952163
-3.993744 -16.088316
-3.991041 -10.852610
-3.988337 -34.479710
-3.985634 -78.466240
-3.982930 -131.813809
-3.980227 -181.934527
-3.977524 -216.367445
-3.974820 -231.563775
-3.972117 -229.733745
-3.969414 -217.023040
-3.966710 -202.613870
-3.964007 -194.206297
-3.961303 -194.852918
-3.958600 -203.124101
-3.955897 -214.462762
-3.953193 -222.482382
-3.950490 -224.007754
-3.947786 -219.238831
-3.945083 -211.714430
-3.942380 -206.023838
-3.939676 -205.411939
-3.936973 -209.658603
-3.934270 -215.137853
-3.931566 -217.202414
-3.928863 -212.396855
-3.926159 -201.782967
-3.923456 -189.631321
-3.920753 -181.802493
-3.918049 -182.545239
-3.915346 -192.605950
-3.912643 -207.449950
-3.909939 -220.493234
-3.907236 -225.728235
-3.904532 -220.055978
-3.901829 -204.644927
-3.899126 -184.498992
-3.896422 -167.933807
-3.893719 -160.834711
-3.891015 -165.986589
-3.888312 -182.393136
-3.885609 -203.970576
-3.882905 -222.738850
-3.880202 -232.675737
-3.877499 -231.465920
-3.874795 -221.269003
-3.872092 -209.794086
-3.869388 -204.801725
-3.866685 -211.674615
-3.863982 -230.742701
-3.861278 -254.812077
-3.858575 -272.451364
-3.855872 -272.676091
-3.853168 -249.247186
-3.850465 -201.222708
-3.847761 -134.157892
-3.845058 -61.929720
-3.842355 -1.197207
-3.839651 36.726764
-3.836948 43.437762
-3.834244 15.834417
-3.831541 -38.364216
-3.828838 -103.540408
-3.826134 -156.793554
-3.823431 -167.077942
-3.820728 -106.183876
-3.818024 43.011168
-3.815321 275.361756
-3.812617 565.432609
-3.809914 865.412713
-3.807211 1099.878117
-3.804507 1216.084773
-3.801804 1191.765275
-3.799101 1037.198565
-3.796397 787.847109
-3.793694 499.432678
-3.790990 241.637046
-3.788287 54.242012
-3.785584 -53.426321
-3.782880 -90.112843
-3.780177 -77.030557
-3.777473 -40.660539
-3.774770 -0.022099
-3.772067 35.781562
-3.769363 65.396659
-3.766660 90.121035
-3.763957 111.028569
-3.761253 127.226772
-3.758550 133.347482
-3.755846 123.984303
-3.753143 96.186052
-3.750440 52.715451
-3.747736 1.772600
-3.745033 -44.606651
-3.742329 -74.277528
-3.739626 -79.374614
-3.736923 -58.707991
-3.734219 -20.403115
-3.731516 24.386710
-3.728813 64.145357
-3.726109 89.950626
-3.723406 100.378437
-3.720702 101.091328
-3.717999 100.260075
-3.715296 104.768665
-3.712592 118.168722
-3.709889 138.338757
-3.707186 160.755572
-3.704482 180.386643
-3.701779 194.767832
-3.699075 206.520153
-3.696372 222.719385
-3.693669 250.623494
-3.690965 295.842987
-3.688262 360.050502
-3.685558 434.967933
-3.682855 510.078921
-3.680152 575.813581
-3.677448 623.920721
-3.674745 648.655524
-3.672042 647.929630
-3.669338 624.830754
-3.666635 582.833432
-3.663931 525.093112
-3.661228 459.223669
-3.658525 393.316260
-3.655821 334.833838
-3.653118 293.485365
-3.650415 278.541034
-3.647711 296.298093
-3.645008 345.453228
-3.642304 418.504817
-3.639601 502.988179
-3.636898 585.854158
-3.634194 654.897113
-3.631491 701.437470
-3.628787 728.967317
-3.626084 747.041399
-3.623381 767.456912
-3.620677 799.052593
-3.617974 845.342577
-3.615271 903.549168
-3.612567 966.506433
-3.609864 1025.216819
-3.607160 1072.026177
-3.604457 1110.370857
-3.601754 1153.061360
-3.599050 1220.189028
-3.596347 1328.987995
-3.593643 1491.040966
-3.590940 1708.747970
-3.588237 1964.791620
-3.585533 2231.068480
-3.582830 2473.174167
-3.580127 2648.102731
-3.577423 2726.180997
-3.574720 2704.852812
-3.572016 2590.120627
-3.569313 2401.610714
-3.566610 2175.937442
-3.563906 1940.333827
-3.561203 1713.115843
-3.558500 1505.841675
-3.555796 1331.823167
-3.553093 1198.812960
-3.550389 1103.880817
-3.547686 1046.507157
-3.544983 1026.856277
-3.542279 1043.106319
-3.539576 1090.290745
-3.536872 1161.748171
-3.534169 1250.712141
-3.531466 1352.604519
-3.528762 1461.959252
-3.526059 1570.123021
-3.523356 1674.105200
-3.520652 1773.672378
-3.517949 1867.580473
-3.515245 1949.679186
-3.512542 2013.403929
-3.509839 2056.808629
-3.507135 2081.970102
-3.504432 2097.534432
-3.501729 2122.819572
-3.499025 2185.109402
-3.496322 2310.825510
-3.493618 2516.163252
-3.490915 2805.812180
-3.488212 3160.495604
-3.485508 3520.532229
-3.482805 3830.048551
-3.480101 4039.394469
-3.477398 4103.194007
-3.474695 4004.535505
-3.471991 3756.390226
-3.469288 3399.386644
-3.466585 2977.292006
-3.463881 2539.848163
-3.461178 2149.201649
-3.458474 1834.436614
-3.455771 1600.593212
-3.453068 1446.393214
-3.450364 1364.636854
-3.447661 1342.156033
-3.444958 1359.843968
-3.442254 1401.348728
-3.439551 1453.834014
-3.436847 1507.490095
-3.434144 1554.592394
-3.431441 1591.359494
-3.428737 1621.498262
-3.426034 1652.315049
-3.423330 1691.904416
-3.420627 1745.402488
-3.417924 1814.118281
-3.415220 1895.500697
-3.412517 1982.432515
-3.409814 2063.136516
-3.407110 2126.707109
-3.404407 2173.802559
-3.401703 2215.953200
-3.399000 2272.802297
-3.396297 2367.720428
-3.393593 2520.039679
-3.390890 2737.550433
-3.388186 3002.873252
-3.385483 3281.458281
-3.382780 3523.668069
-3.380076 3665.359846
-3.377373 3668.949603
-3.374670 3526.050884
-3.371966 3245.975920
-3.369263 2872.754794
-3.366559 2472.172845
-3.363856 2088.623753
-3.361153 1748.384919
-3.358449 1463.788786
-3.355746 1239.273718
-3.353043 1064.685230
-3.350339 921.589697
-3.347636 803.063601
-3.344932 711.192888
-3.342229 652.355324
-3.339526 626.492916
-3.336822 629.605611
-3.334119 654.651586
-3.331415 691.751453
-3.328712 730.608278
-3.326009 762.966498
-3.323305 787.591912
-3.320602 806.938187
-3.317899 825.475703
-3.315195 847.612271
-3.312492 876.736021
-3.309788 914.811826
-3.307085 961.857708
-3.304382 1014.331700
-3.301678 1066.065538
-3.298975 1114.133794
-3.296272 1158.705425
-3.293568 1202.391777
-3.290865 1247.956203
-3.288161 1296.903047
-3.285458 1347.527039
-3.282755 1389.537196
-3.280051 1406.848903
-3.277348 1380.955819
-3.274644 1301.397305
-3.271941 1168.681361
-3.269238 994.133050
-3.266534 794.541870
-3.263831 594.085626
-3.261128 420.499779
-3.258424 281.964510
-3.255721 177.179811
-3.253017 100.549390
-3.250314 45.260399
-3.247611 3.913014
-3.244907 -30.236937
-3.242204 -58.551958
-3.239500 -80.123020
-3.236797 -93.493553
-3.234094 -97.513243
-3.231390 -92.590712
-3.228687 -81.062954
-3.225984 -65.244698
-3.223280 -47.438200
-3.220577 -29.619150
-3.217873 -11.405222
-3.215170 8.994517
-3.212467 33.823732
-3.209763 63.086310
-3.207060 95.345712
-3.204357 128.188161
-3.201653 157.668053
-3.198950 178.946014
-3.196246 187.210081
-3.193543 180.947252
-3.190840 161.357249
-3.188136 132.018209
-3.185433 97.930231
-3.182729 64.899146
-3.180026 38.432592
-3.177323 18.636037
-3.174619 1.710417
-3.171916 -18.560661
-3.169213 -46.517043
-3.166509 -83.148138
-3.163806 -125.069207
-3.161102 -165.449295
-3.158399 -196.853413
-3.155696 -214.470291
-3.152992 -222.107183
-3.150289 -229.231059
-3.147586 -247.869260
-3.144882 -284.527105
-3.142179 -338.387340
-3.139475 -400.157910
-3.136772 -455.136030
-3.134069 -488.731184
-3.131365 -492.280163
-3.128662 -468.681214
-3.125958 -429.554437
-3.123255 -391.541989
-3.120552 -368.882866
-3.117848 -369.974683
-3.115145 -393.472434
-3.112442 -430.641572
-3.109738 -469.672626
-3.107035 -499.562662
-3.104331 -512.153713
-3.101628 -503.755533
-3.098925 -476.798781
-3.096221 -435.657145
-3.093518 -387.322567
-3.090815 -342.915914
-3.088111 -310.831846
-3.085408 -296.073691
-3.082704 -299.877956
-3.080001 -318.442782
-3.077298 -343.827527
-3.074594 -365.345163
-3.071891 -376.833614
-3.069187 -377.389710
-3.066484 -371.648622
-3.063781 -367.475954
-3.061077 -372.408983
-3.058374 -388.757812
-3.055671 -413.300371
-3.052967 -438.262306
-3.050264 -452.708797
-3.047560 -450.579299
-3.044857 -431.421945
-3.042154 -400.379779
-3.039450 -367.648869
-3.036747 -344.424183
-3.034043 -336.181974
-3.031340 -342.902204
-3.028637 -360.146275
-3.025933 -380.281207
-3.023230 -395.861674
-3.020527 -402.003065
-3.017823 -399.593467
-3.015120 -392.224927
-3.012416 -384.665060
-3.009713 -381.049274
-3.007010 -382.458800
-3.004306 -387.229731
-3.001603 -392.261470
-2.998900 -395.022635
-2.996196 -394.650273
-2.993493 -393.318252
-2.990789 -394.754409
-2.988086 -402.728475
-2.985383 -418.204043
-2.982679 -438.835751
-2.979976 -459.425772
-2.977272 -472.765903
-2.974569 -472.028001
-2.971866 -452.677458
-2.969162 -416.200547
-2.966459 -367.704340
-2.963756 -314.324225
-2.961052 -263.284011
-2.958349 -220.692713
-2.955645 -190.307943
-2.952942 -171.102937
-2.950239 -160.523056
-2.947535 -155.769109
-2.944832 -154.647404
-2.942129 -155.532672
-2.939425 -157.129086
-2.936722 -157.813098
-2.934018 -156.206719
-2.931315 -151.845441
-2.928612 -146.717346
-2.925908 -144.952736
-2.923205 -151.982517
-2.920501 -171.888690
-2.917798 -205.130640
-2.915095 -247.738554
-2.912391 -291.644148
-2.909688 -328.352008
-2.906985 -351.245968
-2.904281 -359.067604
-2.901578 -355.297152
-2.898874 -347.117046
-2.896171 -341.915244
-2.893468 -344.306733
-2.890764 -354.747684
-2.888061 -369.200889
-2.885357 -381.796079
-2.882654 -386.582286
-2.879951 -380.433712
-2.877247 -363.391967
-2.874544 -338.629251
-2.871841 -311.007017
-2.869137 -285.290449
-2.866434 -265.145513
-2.863730 -252.320421
-2.861027 -247.168002
-2.858324 -248.933018
-2.855620 -256.287494
-2.852917 -267.418404
-2.850214 -279.991850
-2.847510 -291.088160
-2.844807 -297.758769
-2.842103 -297.587565
-2.839400 -289.933929
-2.836697 -275.860220
-2.833993 -257.968580
-2.831290 -239.086922
-2.828586 -221.202900
-2.825883 -204.836363
-2.823180 -189.345449
-2.820476 -174.089970
-2.817773 -159.255103
-2.815070 -146.374958
-2.812366 -137.408464
-2.809663 -133.926524
-2.806959 -135.861163
-2.804256 -141.908949
-2.801553 -149.971715
-2.798849 -158.648279
-2.796146 -167.469500
-2.793443 -176.884347
-2.790739 -186.876201
-2.788036 -196.288661
-2.785332 -202.407201
-2.782629 -202.131775
-2.779926 -193.542170
-2.777222 -177.362061
-2.774519 -157.493145
-2.771815 -139.598404
-2.769112 -129.752891
-2.766409 -131.731855
-2.763705 -146.275336
-2.761002 -170.333717
-2.758299 -198.168286
-2.755595 -223.136240
-2.752892 -239.404568
-2.750188 -244.332135
-2.747485 -238.936301
-2.744782 -228.505744
-2.742078 -220.808055
-2.739375 -223.625464
-2.736672 -242.094459
-2.733968 -275.987067
-2.731265 -320.249207
-2.728561 -365.545983
-2.725858 -402.325085
-2.723155 -423.283697
-2.720451 -426.057949
-2.717748 -413.683123
-2.715044 -392.653207
-2.712341 -370.834954
-2.709638 -354.041014
-2.706934 -344.882456
-2.704231 -341.480498
-2.701528 -338.852095
-2.698824 -330.940146
-2.696121 -313.070953
-2.693417 -284.658575
-2.690714 -249.197241
-2.688011 -214.081709
-2.685307 -186.712050
-2.682604 -171.967841
-2.679900 -169.012959
-2.677197 -171.761716
-2.674494 -171.507061
-2.671790 -160.712180
-2.669087 -137.416162
-2.666384 -105.334089
-2.663680 -73.374266
-2.660977 -50.323102
-2.658273 -41.887818
-2.655570 -47.004853
-2.652867 -59.674748
-2.650163 -71.699232
-2.647460 -76.694028
-2.644757 -73.167436
-2.642053 -64.231390
-2.639350 -56.420236
-2.636646 -55.243129
-2.633943 -63.181846
-2.631240 -77.204204
-2.628536 -90.403297
-2.625833 -94.061262
-2.623129 -81.026302
-2.620426 -48.525696
-2.617723 1.396666
-2.615019 61.763780
-2.612316 123.809445
-2.609613 178.893296
-2.606909 221.205232
-2.604206 248.313655
-2.601502 260.668589
-2.598799 260.372766
-2.596096 249.248190
-2.593392 228.160389
-2.590689 196.528386
-2.587986 153.804938
-2.585282 100.535087
-2.582579 40.183897
-2.579875 -20.906861
-2.577172 -74.315924
-2.574469 -111.649847
-2.571765 -127.572739
-2.569062 -121.209332
-2.566358 -97.864129
-2.563655 -66.670432
-2.560952 -38.581346
-2.558248 -22.407079
-2.555545 -22.325709
-2.552842 -37.260036
-2.550138 -61.363459
-2.547435 -87.728687
-2.544731 -110.489357
-2.542028 -127.789823
-2.539325 -141.186015
-2.536621 -154.685967
-2.533918 -172.030629
-2.531214 -194.974658
-2.528511 -222.723510
-2.525808 -252.166054
-2.523104 -279.430769
-2.520401 -300.603328
-2.517698 -312.330817
-2.514994 -311.882557
-2.512291 -297.506835
-2.509587 -269.697556
-2.506884 -232.237013
-2.504181 -192.603949
-2.501477 -161.201610
-2.498774 -147.728634
-2.496071 -158.609447
-2.493367 -193.021488
-2.490664 -244.035105
-2.487960 -299.886383
-2.485257 -348.654669
-2.482554 -381.600416
-2.479850 -395.043161
-2.477147 -390.965704
-2.474443 -374.239074
-2.471740 -351.031545
-2.469037 -326.755232
-2.466333 -305.781674
-2.463630 -291.254283
-2.460927 -284.984944
-2.458223 -287.134204
-2.455520 -295.839247
-2.452816 -307.090914
-2.450113 -316.235459
-2.447410 -319.277522
-2.444706 -315.449414
-2.442003 -307.392586
-2.439300 -301.069545
-2.436596 -303.145616
-2.433893 -318.175537
-2.431189 -346.416900
-2.428486 -382.471872
-2.425783 -417.577287
-2.423079 -441.553954
-2.420376 -447.297181
-2.417672 -432.252449
-2.414969 -399.610158
-2.412266 -357.017041
-2.409562 -313.451912
-2.406859 -276.832177
-2.404156 -251.874157
-2.401452 -240.148546
-2.398749 -239.940020
-2.396045 -247.115510
-2.393342 -255.921054
-2.390639 -259.512105
-2.387935 -251.422597
-2.385232 -227.216842
-2.382528 -186.350072
-2.379825 -133.830883
-2.377122 -78.837279
-2.374418 -33.388526
-2.371715 -7.759176
-2.369012 -8.083960
-2.366308 -33.934149
-2.363605 -78.914417
-2.360901 -133.529828
-2.358198 -187.814417
-2.355495 -234.471253
-2.352791 -269.488988
-2.350088 -292.659706
-2.347385 -305.245573
-2.344681 -308.887467
-2.341978 -304.899379
-2.339274 -294.891961
-2.336571 -281.432577
-2.333868 -268.777221
-2.331164 -261.867618
-2.328461 -264.690224
-2.325757 -278.161349
-2.323054 -299.026313
-2.320351 -321.331278
-2.317647 -338.371365
-2.314944 -346.549339
-2.312241 -346.004475
-2.309537 -341.020330
-2.306834 -336.328696
-2.304130 -334.834186
-2.301427 -335.001309
-2.298724 -331.929180
-2.296020 -319.766152
-2.293317 -295.045150
-2.290614 -259.310315
-2.287910 -218.541199
-2.285207 -182.069394
-2.282503 -158.313921
-2.279800 -152.697248
-2.277097 -165.009575
-2.274393 -190.083109
-2.271690 -219.617003
-2.268986 -244.732778
-2.266283 -259.456592
-2.263580 -261.696608
-2.260876 -254.304232
-2.258173 -242.631374
-2.255470 -232.585959
-2.252766 -227.965093
-2.250063 -229.634678
-2.247359 -236.244431
-2.244656 -245.733328
-2.241953 -257.363228
-2.239249 -271.856978
-2.236546 -290.847465
-2.233843 -314.731412
-2.231139 -341.850222
-2.228436 -367.605261
-2.225732 -386.600084
-2.223029 -394.199370
-2.220326 -389.014459
-2.217622 -373.097908
-2.214919 -351.167458
-2.212215 -328.890840
-2.209512 -310.731348
-2.206809 -299.287083
-2.204105 -294.854334
-2.201402 -296.637463
-2.198699 -303.356045
-2.195995 -313.920117
-2.193292 -327.118076
-2.190588 -341.311635
-2.187885 -353.847392
-2.185182 -361.616476
-2.182478 -361.792462
-2.179775 -353.562292
-2.177071 -339.292040
-2.174368 -324.598367
-2.171665 -317.449494
-2.168961 -324.990530
-2.166258 -351.504244
-2.163555 -395.051850
-2.160851 -448.200855
-2.158148 -499.389594
-2.155444 -536.815352
-2.152741 -552.693675
-2.150038 -545.184025
-2.147334 -519.830453
-2.144631 -485.986209
-2.141928 -454.416157
-2.139224 -433.013849
-2.136521 -425.483231
-2.133817 -430.969758
-2.131114 -444.843456
-2.128411 -460.437289
-2.125707 -469.881624
-2.123004 -465.117208
-2.120300 -439.471929
-2.117597 -389.047480
-2.114894 -315.472395
-2.112190 -226.652560
-2.109487 -136.502058
-2.106784 -60.912247
-2.104080 -12.837563
-2.101377 1.038491
-2.098673 -15.438638
-2.095970 -50.856231
-2.093267 -88.707542
-2.090563 -114.234640
-2.087860 -118.840535
-2.085157 -102.662006
-2.082453 -74.671830
-2.079750 -47.615578
-2.077046 -34.379678
-2.074343 -41.701479
-2.071640 -68.920067
-2.068936 -107.361897
-2.066233 -143.391933
-2.063529 -163.288991
-2.060826 -156.791137
-2.058123 -121.404193
-2.055419 -61.599796
-2.052716 11.645032
-2.050013 84.080204
-2.047309 142.516082
-2.044606 178.022653
-2.041902 188.415967
-2.039199 177.423904
-2.036496 154.143738
-2.033792 129.385932
-2.031089 112.459077
-2.028385 108.657395
-2.025682 117.717792
-2.022979 135.798671
-2.020275 157.047633
-2.017572 176.790488
-2.014869 191.303581
-2.012165 196.982572
-2.009462 186.792529
-2.006758 152.027187
-2.004055 86.071791
-2.001352 0.018314
-1.998648 -68.060535
-1.995945 -43.961757
-1.993242 168.317202
-1.990538 653.242549
-1.987835 1446.267490
-1.985131 2484.259979
-1.982428 3615.390221
-1.979725 4609.238684
-1.977021 5240.259413
-1.974318 5348.345203
-1.971614 4902.654921
-1.968911 4015.547180
-1.966208 2890.619048
-1.963504 1771.858885
-1.960801 848.564797
-1.958098 228.378081
-1.955394 -89.607307
-1.952691 -177.510314
-1.949987 -137.647332
-1.947284 -63.643927
-1.944581 -11.671363
-1.941877 -3.082047
-1.939174 -28.120017
-1.936471 -66.635197
-1.933767 -97.811215
-1.931064 -108.635171
-1.928360 -95.259452
-1.925657 -60.823567
-1.922954 -13.367958
-1.920250 37.428532
-1.917547 82.115668
-1.914843 113.549263
-1.912140 128.544050
-1.909437 127.881436
-1.906733 116.477369
-1.904030 100.964438
-1.901327 87.771102
-1.898623 80.658762
-1.895920 79.493185
-1.893216 80.922236
-1.890513 79.493150
-1.887810 70.930098
-1.885106 53.694552
-1.882403 31.020510
-1.879700 9.795772
-1.876996 -1.440992
-1.874293 4.306149
-1.871589 28.658635
-1.868886 67.215258
-1.866183 109.146613
-1.863479 141.757418
-1.860776 153.881963
-1.858072 141.004124
-1.855369 106.548021
-1.852666 60.270014
-1.849962 15.000800
-1.847259 -19.478890
-1.844556 -38.676919
-1.841852 -45.784577
-1.839149 -47.900925
-1.836445 -52.969844
-1.833742 -64.885048
-1.831039 -81.830767
-1.828335 -97.189189
-1.825632 -102.353905
-1.822928 -91.897782
-1.820225 -65.641983
-1.817522 -30.909935
-1.814818 1.144449
-1.812115 18.526551
-1.809412 13.744719
-1.806708 -13.604855
-1.804005 -56.849607
-1.801301 -103.793876
-1.798598 -141.434648
-1.795895 -158.431071
-1.793191 -148.445797
-1.790488 -110.101113
-1.787785 -46.568299
-1.785081 35.499038
-1.782378 127.985559
-1.779674 222.428261
-1.776971 311.643090
-1.774268 390.618605
-1.771564 456.867598
-1.768861 510.576431
-1.766157 553.378320
-1.763454 587.652107
-1.760751 615.471707
-1.758047 638.445102
-1.755344 657.842946
-1.752641 675.266476
-1.749937 692.985940
-1.747234 714.051516
-1.744530 742.134300
-1.741827 780.418092
-1.739124 830.781230
-1.736420 892.402118
-1.733717 961.803672
-1.731014 1033.215268
-1.728310 1100.464079
-1.725607 1159.737991
-1.722903 1211.356065
-1.720200 1261.630446
-1.717497 1320.370468
-1.714793 1398.759885
-1.712090 1504.249465
-1.709386 1638.553232
-1.706683 1796.895003
-1.703980 1970.441979
-1.701276 2151.089092
-1.698573 2334.455040
-1.695870 2522.516937
-1.693166 2721.529084
-1.690463 2940.021747
-1.687759 3182.978420
-1.685056 3452.427493
-1.682353 3748.055095
-1.679649 4068.842898
-1.676946 4415.903864
-1.674242 4794.299856
-1.671539 5212.965932
-1.668836 5682.608425
-1.666132 6214.406486
-1.663429 6818.878600
-1.660726 7508.304047
-1.658022 8300.367609
-1.655319 9228.389156
-1.652615 10348.306953
-1.649912 11746.368374
-1.647209 13541.677096
-1.644505 15861.547100
-1.641802 18817.179809
-1.639099 22456.148236
-1.636395 26697.138024
-1.633692 31275.122542
-1.630988 35808.898547
-1.628285 39815.631865
-1.625582 42733.594075
-1.622878 44144.424042
-1.620175 43822.870472
-1.617471 41791.732844
-1.614768 38337.847255
-1.612065 33916.920252
-1.609361 29077.426105
-1.606658 24315.199421
-1.603955 20012.286191
-1.601251 16377.958599
-1.598548 13457.772469
-1.595844 11188.335835
-1.593141 9437.813897
-1.590438 8071.640627
-1.587734 6975.665456
-1.585031 6074.122982
-1.582328 5323.009812
-1.579624 4696.736279
-1.576921 4177.554754
-1.574217 3748.947291
-1.571514 3392.743724
-1.568811 3087.396689
-1.566107 2814.707171
-1.563404 2560.989649
-1.560700 2318.253682
-1.557997 2084.734357
-1.555294 1863.720902
-1.552590 1662.679636
-1.549887 1489.977437
-1.547184 1352.295161
-1.544480 1251.428065
-1.541777 1182.414979
-1.539073 1134.776727
-1.536370 1093.988083
-1.533667 1046.645156
-1.530963 983.172179
-1.528260 901.170087
-1.525557 804.955807
-1.522853 703.219919
-1.520150 606.128571
-1.517446 520.909192
-1.514743 450.930462
-1.512040 394.906263
-1.509336 348.952263
-1.506633 308.766783
-1.503929 272.498515
-1.501226 241.206191
-1.498523 217.843456
-1.495819 205.553859
-1.493116 205.220157
-1.490413 215.094285
-1.487709 230.691067
-1.485006 247.127396
-1.482302 260.363343
-1.479599 268.744082
-1.476896 272.455864
-1.474192 272.756732
-1.471489 270.853933
-1.468785 267.617090
-1.466082 263.875819
-1.463379 261.157316
-1.460675 261.669678
-1.457972 267.586877
-1.455269 279.402520
-1.452565 294.653066
-1.449862 308.050094
-1.447158 312.241064
-1.444455 300.916219
-1.441752 270.445837
-1.439048 222.254441
-1.436345 162.015653
-1.433642 98.471028
-1.430938 41.216215
-1.428235 -1.802361
-1.425531 -25.367921
-1.422828 -28.342564
-1.420125 -13.158516
-1.417421 14.645841
-1.414718 47.155740
-1.412014 75.738399
-1.409311 92.126407
-1.406608 90.278660
-1.403904 67.646550
-1.401201 25.706924
-1.398498 -29.491822
-1.395794 -88.682255
-1.393091 -140.801316
-1.390387 -176.294694
-1.387684 -189.387401
-1.384981 -179.310875
-1.382277 -151.860654
-1.379574 -116.952713
-1.376871 -86.657275
-1.374167 -71.030977
-1.371464 -75.153362
-1.368760 -97.892473
-1.366057 -131.686176
-1.363354 -166.526741
-1.360650 -192.571159
-1.357947 -204.556307
-1.355243 -202.229201
-1.352540 -189.947183
-1.349837 -173.845930
-1.347133 -158.763284
-1.344430 -146.857544
-1.341727 -137.345910
-1.339023 -128.830846
-1.336320 -120.706874
-1.333616 -114.831442
-1.330913 -114.182619
-1.328210 -121.712686
-1.325506 -137.981924
-1.322803 -161.155148
-1.320099 -187.364615
-1.317396 -212.891837
-1.314693 -235.553470
-1.311989 -255.293144
-1.309286 -273.343365
-1.306583 -290.482365
-1.303879 -305.989303
-1.301176 -317.189741
-1.298472 -321.054574
-1.295769 -315.491597
-1.293066 -301.405441
-1.290362 -282.199147
-1.287659 -263.170405
-1.284956 -248.882278
-1.282252 -241.552834
-1.279549 -239.985015
-1.276845 -240.050213
-1.274142 -236.884222
-1.271439 -226.653162
-1.268735 -209.103122
-1.266032 -187.270152
-1.263328 -167.157715
-1.260625 -155.448453
-1.257922 -157.437114
-1.255218 -175.315675
-1.252515 -206.996585
-1.249812 -247.116440
-1.247108 -287.756318
-1.244405 -320.793684
-1.241701 -339.559426
-1.238998 -340.340049
-1.236295 -323.399224
-1.233591 -292.276740
-1.230888 -253.400773
-1.228185 -214.382727
-1.225481 -182.703023
-1.222778 -164.550332
-1.220074 -163.710211
-1.217371 -181.312066
-1.214668 -215.271638
-1.211964 -260.447606
-1.209261 -309.440891
-1.206557 -353.337813
-1.203854 -384.756076
-1.201151 -399.300821
-1.198447 -397.215326
-1.195744 -383.594233
-1.193041 -366.325977
-1.190337 -353.949072
-1.187634 -351.764137
-1.184930 -360.826000
-1.182227 -376.881117
-1.179524 -392.835087
-1.176820 -401.510682
-1.174117 -398.690366
-1.171414 -385.325729
-1.168710 -366.608648
-1.166007 -350.819559
-1.163303 -345.113482
-1.160600 -353.419902
-1.157897 -374.000488
-1.155193 -400.227328
-1.152490 -422.838399
-1.149786 -432.652820
-1.147083 -424.088632
-1.144380 -395.842080
-1.141676 -351.615369
-1.138973 -297.838353
-1.136270 -241.886866
-1.133566 -190.090417
-1.130863 -146.431367
-1.128159 -112.518935
-1.125456 -87.525490
-1.122753 -69.206727
-1.120049 -54.713395
-1.117346 -41.591129
-1.114642 -28.916703
-1.111939 -17.579422
-1.109236 -10.630163
-1.106532 -11.939995
-1.103829 -24.919973
-1.101126 -50.509895
-1.098422 -85.972065
-1.095719 -125.254032
-1.093015 -159.795702
-1.090312 -181.726005
-1.087609 -185.647741
-1.084905 -171.229284
-1.082202 -142.765396
-1.079499 -107.728048
-1.076795 -74.318684
-1.074092 -48.509101
-1.071388 -33.297630
-1.068685 -28.252608
-1.065982 -31.822649
-1.063278 -42.527540
-1.060575 -60.354868
-1.057871 -85.646602
-1.055168 -117.934548
-1.052465 -153.724362
-1.049761 -186.554851
-1.047058 -208.165282
-1.044355 -211.383126
-1.041651 -193.468680
-1.038948 -157.221948
-1.036244 -111.864026
-1.033541 -69.319585
-1.030838 -41.561133
-1.028134 -36.008486
-1.025431 -53.505198
-1.022728 -88.235122
-1.020024 -129.099224
-1.017321 -164.392248
-1.014617 -184.498576
-1.011914 -185.915849
-1.009211 -170.990697
-1.006507 -146.916932
-1.003804 -122.770191
-1.001100 -105.936537
-0.998397 -100.567192
-0.995694 -106.362405
-0.992990 -120.620544
-0.990287 -139.566619
-0.987584 -160.603387
-0.984880 -182.667000
-0.982177 -205.983033
-0.979473 -230.652320
-0.976770 -255.413249
-0.974067 -277.153119
-0.971363 -291.017979
-0.968660 -292.349663
-0.965956 -277.999073
-0.963253 -248.405918
-0.960550 -207.411747
-0.957846 -161.860848
-0.955143 -119.774163
-0.952440 -88.001538
-0.949736 -70.828755
-0.947033 -68.613062
-0.944329 -78.937576
-0.941626 -97.459682
-0.938923 -119.992833
-0.936219 -143.680339
-0.933516 -167.567764
-0.930813 -192.390626
-0.928109 -219.304352
-0.925406 -248.990317
-0.922702 -280.304135
-0.919999 -310.251154
-0.917296 -334.066406
-0.914592 -346.331645
-0.911889 -342.578482
-0.909185 -320.588808
-0.906482 -282.061500
-0.903779 -232.184183
-0.901075 -179.320968
-0.898372 -133.010198
-0.895669 -101.718763
-0.892965 -91.084123
-0.890262 -102.066214
-0.887558 -131.647525
-0.884855 -173.284712
-0.882152 -219.211311
-0.879448 -262.457073
-0.876745 -298.374648
-0.874042 -325.666203
-0.871338 -345.369307
-0.868635 -360.059491
-0.865931 -371.814286
-0.863228 -381.436029
-0.860525 -387.936139
-0.857821 -389.274714
-0.855118 -383.465652
-0.852414 -369.496194
-0.849711 -347.913204
-0.847008 -320.540519
-0.844304 -290.249129
-0.841601 -259.927542
-0.838898 -232.218793
-0.836194 -209.310783
-0.833491 -192.643205
-0.830787 -182.817301
-0.828084 -179.402175
-0.825381 -180.965113
-0.822677 -185.454613
-0.819974 -190.524610
-0.817271 -194.072332
-0.814567 -194.380279
-0.811864 -190.288534
-0.809160 -181.409091
-0.806457 -168.446213
-0.803754 -153.740566
-0.801050 -141.486327
-0.798347 -136.800244
-0.795643 -144.539266
-0.792940 -166.838719
-0.790237 -202.324973
-0.787533 -245.202125
-0.784830 -287.889726
-0.782127 -323.235941
-0.779423 -346.944679
-0.776720 -358.715086
-0.774016 -361.018299
-0.771313 -357.594867
-0.768610 -350.933226
-0.765906 -342.010191
-0.763203 -330.378409
-0.760499 -316.201588
-0.757796 -300.973298
-0.755093 -288.159948
-0.752389 -281.441946
-0.749686 -283.221221
-0.746983 -292.570616
-0.744279 -305.030406
-0.741576 -313.969642
-0.738872 -312.635828
-0.736169 -297.387037
-0.733466 -268.526976
-0.730762 -231.230388
-0.728059 -192.790117
-0.725356 -160.463242
-0.722652 -138.516871
-0.719949 -126.682001
-0.717245 -121.020079
-0.714542 -115.587718
-0.711839 -105.672897
-0.709135 -88.958046
-0.706432 -66.762438
-0.703728 -42.272461
-0.701025 -19.145350
-0.698322 0.453788
-0.695618 16.218530
-0.692915 29.105076
-0.690212 40.042571
-0.687508 48.659546
-0.684805 53.283147
-0.682101 51.500607
-0.679398 41.941525
-0.676695 24.937510
-0.673991 3.187436
-0.671288 -19.868515
-0.668585 -41.119316
-0.665881 -59.421084
-0.663178 -75.500408
-0.660474 -91.049225
-0.657771 -106.563703
-0.655068 -119.888193
-0.652364 -126.287919
-0.649661 -119.602687
-0.646957 -95.836472
-0.644254 -55.126504
-0.641551 -4.645094
-0.638847 43.323305
-0.636144 73.685656
-0.633441 73.679486
-0.630737 37.574237
-0.628034 -31.510379
-0.625330 -120.304743
-0.622627 -210.773788
-0.619924 -283.946354
-0.617220 -326.895650
-0.614517 -335.628749
-0.611813 -315.642424
-0.609110 -280.259660
-0.606407 -244.380477
-0.603703 -220.833456
-0.601000 -215.060814
-0.598297 -225.114571
-0.595593 -242.671494
-0.592890 -257.169453
-0.590186 -260.719827
-0.587483 -250.606937
-0.584780 -231.431677
-0.582076 -211.611940
-0.579373 -200.750236
-0.576670 -204.309492
-0.573966 -222.247108
-0.571263 -248.974268
-0.568559 -276.373101
-0.565856 -297.917463
-0.563153 -310.837165
-0.560449 -317.327617
-0.557746 -321.597334
-0.555042 -327.847168
-0.552339 -336.998914
-0.549636 -347.042426
-0.546932 -353.745844
-0.544229 -353.754705
-0.541526 -346.153090
-0.538822 -333.160364
-0.536119 -319.115633
-0.533415 -308.089492
-0.530712 -302.289576
-0.528009 -300.502807
-0.525305 -299.285686
-0.522602 -293.995957
-0.519899 -281.488009
-0.517195 -261.265796
-0.514492 -236.196999
-0.511788 -211.707426
-0.509085 -193.673491
-0.506382 -186.816185
-0.503678 -192.599185
-0.500975 -209.487084
-0.498271 -233.178121
-0.495568 -258.518544
-0.492865 -281.034079
-0.490161 -298.034936
-0.487458 -309.025181
-0.484755 -314.854382
-0.482051 -317.143128
-0.479348 -317.532624
-0.476644 -317.691284
-0.473941 -319.411841
-0.471238 -324.800683
-0.468534 -335.612139
-0.465831 -352.405917
-0.463127 -372.940345
-0.460424 -392.370755
-0.457721 -403.549414
-0.455017 -399.911401
-0.452314 -377.763822
-0.449611 -338.556126
-0.446907 -289.244441
-0.444204 -239.660746
-0.441500 -199.933097
-0.438797 -175.929705
-0.436094 -168.487763
-0.433390 -172.721882
-0.430687 -181.362078
-0.427984 -187.779581
-0.425280 -188.944448
-0.422577 -186.762457
-0.419873 -186.308693
-0.417170 -193.911294
-0.414467 -213.311077
-0.411763 -244.555464
-0.409060 -282.874580
-0.406356 -320.731820
-0.403653 -350.270838
-0.400950 -366.042463
-0.398246 -367.354933
-0.395543 -357.810613
-0.392840 -344.765261
-0.390136 -335.659085
-0.387433 -335.679814
-0.384729 -344.991312
-0.382026 -358.532719
-0.379323 -368.123350
-0.376619 -365.209677
-0.373916 -345.498311
-0.371213 -310.084326
-0.368509 -266.689645
-0.365806 -225.908500
-0.363102 -198.122668
-0.360399 -189.622974
-0.357696 -200.920113
-0.354992 -228.160700
-0.352289 -265.220746
-0.349585 -306.967705
-0.346882 -349.812875
-0.344179 -391.737093
-0.341475 -429.952467
-0.338772 -460.201908
-0.336069 -476.263411
-0.333365 -472.624189
-0.330662 -446.390588
-0.327958 -400.257148
-0.325255 -342.379127
-0.322552 -284.740602
-0.319848 -240.473849
-0.317145 -219.831112
-0.314442 -228.578182
-0.311738 -265.836793
-0.309035 -325.396761
-0.306331 -396.863405
-0.303628 -467.007453
-0.300925 -523.090180
-0.298221 -554.365520
-0.295518 -554.081468
-0.292814 -521.057069
-0.290111 -460.069066
-0.287408 -382.527082
-0.284704 -303.652031
-0.282001 -239.917319
-0.279298 -204.485503
-0.276594 -203.373495
-0.273891 -234.497958
-0.271187 -287.161534
-0.268484 -347.293894
-0.265781 -400.791465
-0.263077 -438.698735
-0.260374 -458.061857
-0.257670 -461.174144
-0.254967 -453.062688
-0.252264 -438.189842
-0.249560 -419.429426
-0.246857 -397.842111
-0.244154 -374.119217
-0.241450 -349.269946
-0.238747 -325.326439
-0.236043 -304.415683
-0.233340 -288.191120
-0.230637 -276.989502
-0.227933 -270.119393
-0.225230 -266.128564
-0.222527 -263.395142
-0.219823 -260.578379
-0.217120 -256.930492
-0.214416 -252.858172
-0.211713 -250.112849
-0.209010 -251.689936
-0.206306 -261.032855
-0.203603 -280.220827
-0.200899 -308.833569
-0.198196 -342.500507
-0.195493 -374.503500
-0.192789 -397.225051
-0.190086 -405.648038
-0.187383 -398.842799
-0.184679 -380.502754
-0.181976 -357.832762
-0.179272 -338.261277
-0.176569 -327.529814
-0.173866 -327.685405
-0.171162 -337.798218
-0.168459 -354.488154
-0.165756 -373.465986
-0.163052 -390.447441
-0.160349 -401.657099
-0.157645 -404.325119
-0.154942 -397.254770
-0.152239 -381.406371
-0.149535 -360.664156
-0.146832 -340.599872
-0.144128 -327.263229
-0.141425 -323.827382
-0.138722 -329.076040
-0.136018 -336.581626
-0.133315 -336.665792
-0.130612 -320.590551
-0.127908 -283.894052
-0.125205 -230.618560
-0.122501 -171.065217
-0.119798 -119.789941
-0.117095 -89.584194
-0.114391 -87.831876
-0.111688 -113.856191
-0.108984 -159.483145
-0.106281 -213.159736
-0.103578 -263.042740
-0.100874 -301.425327
-0.098171 -325.112247
-0.095468 -335.672851
-0.092764 -337.175812
-0.090061 -334.100384
-0.087357 -329.822768
-0.084654 -325.638873
-0.081951 -321.318561
-0.079247 -315.601663
-0.076544 -307.611498
-0.073841 -297.522738
-0.071137 -287.101017
-0.068434 -279.214260
-0.065730 -276.653824
-0.063027 -280.914334
-0.060324 -290.692848
-0.057620 -302.344641
-0.054917 -310.385300
-0.052213 -309.767726
-0.049510 -297.129289
-0.046807 -271.998712
-0.044103 -236.513946
-0.041400 -194.728994
-0.038697 -152.393823
-0.035993 -117.730744
-0.033290 -101.199386
-0.030586 -114.677471
-0.027883 -163.993758
-0.025180 -241.161013
-0.022476 -313.780300
-0.019773 -322.167620
-0.017070 -193.597334
-0.014366 138.251257
-0.011663 691.086714
-0.008959 1422.043415
-0.006256 2211.867202
-0.003553 2895.806350
-0.000849 3310.368555
0.001854 3352.041717
0.004558 3015.085418
0.007261 2380.712615
0.009964 1604.781196
0.012668 847.975645
0.015371 240.069488
0.018074 -160.286692
0.020778 -360.368799
0.023481 -410.901910
0.026185 -379.533083
0.028888 -320.164984
0.031591 -267.007889
0.034295 -231.044194
0.036998 -212.781392
0.039701 -208.620792
0.042405 -216.590694
0.045108 -235.165639
0.047812 -261.602687
0.050515 -289.354207
0.053218 -309.574001
0.055922 -313.484360
0.058625 -296.377581
0.061329 -260.324063
0.064032 -213.588298
0.066735 -169.094622
0.069439 -139.618757
0.072142 -135.155546
0.074845 -159.222609
0.077549 -208.603178
0.080252 -274.337817
0.082956 -343.251134
0.085659 -401.782735
0.088362 -438.286826
0.091066 -446.531614
0.093769 -426.991635
0.096473 -386.432994
0.099176 -336.812848
0.101879 -290.658601
0.104583 -258.440795
0.107286 -244.743367
0.109989 -248.480712
0.112693 -264.032837
0.115396 -283.682163
0.118100 -300.843367
0.120803 -311.124658
0.123506 -312.995887
0.126210 -306.629369
0.128913 -293.415990
0.131616 -275.599633
0.134320 -255.820173
0.137023 -237.462051
0.139727 -225.758314
0.142430 -220.376457
